arad13

1.0000000 0.0090000
0.9750000 0.0132170
0.9500000 0.0174120
0.9000000 0.0258240
0.8500000 0.0342520
0.8000000 0.0426480
0.7500000 0.0509640
0.7000000 0.0590690
0.6500000 0.0668480
0.6000000 0.0741990
0.5500000 0.0809850
0.5000000 0.0870580
0.4500000 0.0922570
0.4000000 0.0964180
0.3500000 0.0993320
0.3000000 0.1007530
0.2500000 0.1005310
0.2000000 0.0983750
0.1500000 0.0934280
0.1000000 0.0838170
0.0700000 0.0740420
0.0400000 0.0588600
0.0200000 0.0427650
0.0100000 0.0305010
0.0030000 0.0166900
0.0000000 0.0000000
0.0030000 -0.0088890
0.0100000 -0.0154230
0.0200000 -0.0205880
0.0400000 -0.0263110
0.0700000 -0.0303390
0.1000000 -0.0318080
0.1500000 -0.0317230
0.2000000 -0.0306420
0.2500000 -0.0294690
0.3000000 -0.0285260
0.3500000 -0.0276870
0.4000000 -0.0268030
0.4500000 -0.0258450
0.5000000 -0.0248080
0.5500000 -0.0236860
0.6000000 -0.0224840
0.6500000 -0.0212060
0.7000000 -0.0198470
0.7500000 -0.0183820
0.8000000 -0.0167610
0.8500000 -0.0149300
0.9000000 -0.0128950
0.9500000 -0.0107550
0.9750000 -0.0097910
1.0000000 -0.0090000
