hs1606

1.0000000 -0.0011500
0.9900000 0.0011800
0.9800000 0.0034600
0.9700000 0.0057000
0.9600000 0.0078800
0.9500000 0.0100100
0.9400000 0.0120900
0.9300000 0.0141100
0.9200000 0.0161600
0.9100000 0.0180400
0.9000000 0.0199600
0.8800000 0.0237100
0.8600000 0.0273800
0.8400000 0.0309900
0.8200000 0.0345300
0.8000000 0.0380200
0.7800000 0.0414200
0.7600000 0.0447400
0.7400000 0.0479400
0.7000000 0.0538300
0.6800000 0.0564700
0.6600000 0.0588600
0.6400000 0.0609800
0.6000000 0.0644200
0.5800000 0.0657800
0.5600000 0.0669500
0.5400000 0.0679600
0.5000000 0.0695900
0.4800000 0.0702100
0.4600000 0.0706900
0.4400000 0.0710000
0.4000000 0.0711200
0.3800000 0.0709200
0.3600000 0.0705600
0.3400000 0.0700500
0.3000000 0.0686500
0.2800000 0.0677200
0.2600000 0.0665900
0.2400000 0.0652200
0.2200000 0.0635400
0.2000000 0.0615300
0.1800000 0.0591500
0.1600000 0.0563800
0.1400000 0.0531800
0.1200000 0.0494600
0.1000000 0.0451500
0.0900000 0.0427300
0.0800000 0.0401200
0.0700000 0.0373100
0.0600000 0.0342900
0.0500000 0.0310500
0.0400000 0.0275600
0.0300000 0.0237100
0.0200000 0.0192600
0.0100000 0.0135200
0.0075000 0.0116400
0.0050000 0.0093800
0.0030000 0.0070800
0.0020000 0.0056200
0.0010000 0.0037900
0.0005000 0.0025900
0.0000000 0.0001500
0.0005000 -0.0016200
0.0010000 -0.0022000
0.0020000 -0.0029600
0.0030000 -0.0035400
0.0050000 -0.0045500
0.0075000 -0.0056300
0.0100000 -0.0065600
0.0200000 -0.0092500
0.0300000 -0.0107900
0.0400000 -0.0116000
0.0500000 -0.0119000
0.0600000 -0.0118700
0.0700000 -0.0116100
0.0800000 -0.0111800
0.0900000 -0.0106000
0.1000000 -0.0098800
0.1200000 -0.0080700
0.1400000 -0.0058800
0.1600000 -0.0034700
0.1800000 -0.0009900
0.2000000 0.0014300
0.2200000 0.0036700
0.2400000 0.0056500
0.2600000 0.0073400
0.2800000 0.0087500
0.3000000 0.0099200
0.3400000 0.0116700
0.3600000 0.0123100
0.3800000 0.0128400
0.4000000 0.0132600
0.4400000 0.0138700
0.4600000 0.0140600
0.4800000 0.0141900
0.5000000 0.0142500
0.5400000 0.0142000
0.5600000 0.0140900
0.5800000 0.0139400
0.6000000 0.0137300
0.6400000 0.0131400
0.6600000 0.0127300
0.6800000 0.0122400
0.7000000 0.0116500
0.7400000 0.0101800
0.7600000 0.0093000
0.7800000 0.0083500
0.8000000 0.0073400
0.8200000 0.0063000
0.8400000 0.0052200
0.8600000 0.0040800
0.8800000 0.0028800
0.9000000 0.0016100
0.9100000 0.0009400
0.9200000 0.0002500
0.9300000 -0.0004600
0.9400000 -0.0011900
0.9500000 -0.0019300
0.9600000 -0.0028900
0.9700000 -0.0034600
0.9800000 -0.0042500
0.9900000 -0.0050800
1.0000000 -0.0058900
