mrc-16

1.0000000 0.0017215
0.9912770 0.0038192
0.9783830 0.0069042
0.9614950 0.0109206
0.9427220 0.0153598
0.9234600 0.0198843
0.9041240 0.0243864
0.8847770 0.0288384
0.8654390 0.0332355
0.8461390 0.0375578
0.8268720 0.0417863
0.8076260 0.0459119
0.7883890 0.0499255
0.7691560 0.0538192
0.7499190 0.0575898
0.7306760 0.0612304
0.7114240 0.0647370
0.6921620 0.0681490
0.6728910 0.0714810
0.6536140 0.0746670
0.6343320 0.0777000
0.6150460 0.0805760
0.5957580 0.0832870
0.5764690 0.0858290
0.5571810 0.0881950
0.5378950 0.0903780
0.5186130 0.0923720
0.4993380 0.0941700
0.4800720 0.0957660
0.4608180 0.0971500
0.4415810 0.0983170
0.4223640 0.0992560
0.4031710 0.0999590
0.3840090 0.1004170
0.3648830 0.1006200
0.3457980 0.1005570
0.3267650 0.1002180
0.3077890 0.0995890
0.2888820 0.0986590
0.2700540 0.0974140
0.2513200 0.0958390
0.2326930 0.0939180
0.2141890 0.0916350
0.1958320 0.0889740
0.1776630 0.0859180
0.1597210 0.0824410
0.1420480 0.0785180
0.1246970 0.0741210
0.1077380 0.0692280
0.0912670 0.0638150
0.0754170 0.0578700
0.0603840 0.0514090
0.0464690 0.0445090
0.0341130 0.0373800
0.0238200 0.0304020
0.0158580 0.0240040
0.0100470 0.0184160
0.0059380 0.0136120
0.0031000 0.0094410
0.0012410 0.0057410
0.0002290 0.0023850
0.0000200 -0.0006860
0.0006370 -0.0037500
0.0022430 -0.0067800
0.0049010 -0.0096350
0.0086720 -0.0123280
0.0137800 -0.0149700
0.0207010 -0.0176730
0.0301100 -0.0204920
0.0425340 -0.0233590
0.0577340 -0.0260820
0.0747950 -0.0284970
0.0928780 -0.0305610
0.1115080 -0.0323000
0.1304580 -0.0337570
0.1496150 -0.0349710
0.1689150 -0.0359760
0.1883200 -0.0367950
0.2078060 -0.0374490
0.2273550 -0.0379550
0.2469540 -0.0383260
0.2665920 -0.0385730
0.2862640 -0.0387060
0.3059670 -0.0387310
0.3256930 -0.0386590
0.3454400 -0.0384930
0.3652030 -0.0382410
0.3849820 -0.0379050
0.4047770 -0.0374920
0.4245850 -0.0370050
0.4444050 -0.0364490
0.4642360 -0.0358290
0.4840730 -0.0351460
0.5039090 -0.0344030
0.5237420 -0.0336000
0.5435720 -0.0327350
0.5634030 -0.0318100
0.5832370 -0.0308250
0.6030720 -0.0297820
0.6229080 -0.0286830
0.6427450 -0.0275280
0.6625810 -0.0263190
0.6824220 -0.0250560
0.7022700 -0.0237420
0.7221280 -0.0223790
0.7420020 -0.0209730
0.7618930 -0.0195290
0.7817970 -0.0180530
0.8017100 -0.0171018
0.8216230 -0.0156818
0.8415280 -0.0142358
0.8614330 -0.0127598
0.8813560 -0.0112579
0.9013050 -0.0097381
0.9212400 -0.0082202
0.9410680 -0.0067218
0.9603960 -0.0052706
0.9777820 -0.0039640
0.9910410 -0.0029619
1.0000000 -0.0022785
