clarky

***** Re = 50000, Mach = 0.0, nCrit = 9 *****
alpha: (-1.311, -0.811, -0.31, 0.19, 0.689, 1.189, 1.689, 2.19, 2.69, 3.19, 3.69, 4.689, 5.189, 5.689, 6.189, 6.689, 7.189, 7.689, 8.189, 8.689, 9.189, 9.689, 10.189, 10.689, 11.189, 11.689, 12.189, 13.189, 13.689)
CL: (-0.096, -0.06, 0.0017, 0.1095, 0.2057, 0.2859, 0.3609, 0.4427, 0.5094, 0.5779, 0.66, 0.7786, 0.8383, 0.8926, 0.9322, 0.9725, 1.0136, 1.0808, 1.1428, 1.1996, 1.2563, 1.2964, 1.3301, 1.344, 1.3683, 1.3431, 1.226, 1.3754, 1.3043)
CD: (0.03015, 0.02636, 0.02809, 0.03047, 0.03233, 0.03383, 0.03514, 0.03608, 0.03697, 0.03761, 0.03734, 0.03833, 0.03878, 0.0396, 0.04152, 0.04332, 0.04489, 0.04365, 0.04253, 0.04217, 0.04214, 0.04391, 0.0468, 0.05127, 0.05544, 0.06219, 0.0775, 0.06461, 0.07687)
CDp: (0.01956, 0.01903, 0.01946, 0.02103, 0.02239, 0.02357, 0.02468, 0.0255, 0.02634, 0.02699, 0.02678, 0.02793, 0.02849, 0.02945, 0.03154, 0.03354, 0.03532, 0.0343, 0.03336, 0.03315, 0.03317, 0.03498, 0.03798, 0.0428, 0.04723, 0.05449, 0.07011, 0.05696, 0.06983)
CM: (-0.0437, -0.0386, -0.0427, -0.0548, -0.064, -0.0699, -0.0742, -0.0789, -0.0806, -0.0821, -0.0843, -0.0826, -0.0817, -0.0803, -0.0779, -0.0754, -0.0727, -0.0706, -0.0679, -0.0652, -0.0626, -0.0591, -0.0554, -0.0506, -0.0471, -0.0403, -0.0339, -0.0247, -0.0222)
Top_Xtr: (1.0, 1.0, 0.9946, 0.9615, 0.9283, 0.8961, 0.8636, 0.8314, 0.7963, 0.7617, 0.7316, 0.6701, 0.6437, 0.6181, 0.5916, 0.5656, 0.5389, 0.5092, 0.4744, 0.4375, 0.3963, 0.3547, 0.318, 0.2914, 0.2696, 0.2561, 0.2574, 0.176, 0.1746)
Bot_Xtr: (0.2843, 1.0, 1.0, 1.0, 1.0, 1.0, 1.0, 1.0, 1.0, 1.0, 1.0, 1.0, 1.0, 1.0, 1.0, 1.0, 1.0, 1.0, 1.0, 1.0, 1.0, 1.0, 1.0, 1.0, 1.0, 1.0, 1.0, 1.0, 1.0)
CL/CD: (-3.18407960199005, -2.2761760242792106, 0.06051975792096831, 3.593698720052511, 6.362511599133931, 8.451078924031924, 10.270347182697781, 12.269955654101995, 13.778739518528534, 15.365594256846583, 17.675415104445637, 20.313070701800154, 21.61681279009799, 22.540404040404038, 22.451830443159924, 22.449215143120963, 22.57963911784362, 24.760595647193583, 26.870444392193747, 28.44676310173109, 29.812529663028002, 29.524026417672513, 28.42094017094017, 26.214160327677003, 24.68073593073593, 21.596719729860105, 15.819354838709677, 21.28772635814889, 16.967607649278005)

***** Re = 100000, Mach = 0.0, nCrit = 9 *****
alpha: (-3.402, -2.902, -2.402, -1.902, -1.402, -0.902, -0.402, 0.098, 0.598, 1.098, 1.598, 2.098, 2.598, 3.098, 3.598, 4.098, 4.598, 5.098, 5.598, 6.098, 6.598, 7.098, 7.598, 8.098, 8.598, 9.098, 9.598, 10.098, 10.598, 11.098, 11.598, 12.098, 12.598, 13.098, 13.598, 14.098, 14.598, 15.098, 15.598, 15.598)
CL: (-0.1537, -0.076, 0.0003, 0.0751, 0.1376, 0.2458, 0.3282, 0.3898, 0.4553, 0.5117, 0.5714, 0.6288, 0.6835, 0.7346, 0.7892, 0.8404, 0.8918, 0.9419, 0.991, 1.0394, 1.087, 1.1321, 1.1776, 1.2217, 1.2631, 1.2997, 1.3276, 1.3448, 1.3571, 1.3687, 1.3795, 1.3848, 1.3846, 1.3741, 1.3507, 1.3286, 1.3175, 1.3159, 1.3145, 1.3145)
CD: (0.02703, 0.02509, 0.02356, 0.02172, 0.01939, 0.01887, 0.01835, 0.01828, 0.01798, 0.01788, 0.01759, 0.01735, 0.01722, 0.01728, 0.01723, 0.01737, 0.01765, 0.01818, 0.01891, 0.01972, 0.02042, 0.02131, 0.02229, 0.02333, 0.02451, 0.02582, 0.02721, 0.02862, 0.03027, 0.03236, 0.03488, 0.03789, 0.04159, 0.04661, 0.05385, 0.06178, 0.06908, 0.07542, 0.08211, 0.08211)
CDp: (0.01794, 0.01573, 0.01432, 0.01336, 0.01337, 0.01236, 0.01145, 0.01111, 0.0106, 0.01034, 0.00991, 0.00953, 0.0093, 0.00928, 0.00911, 0.00915, 0.00927, 0.00966, 0.01029, 0.01105, 0.01163, 0.01257, 0.01362, 0.01471, 0.01593, 0.01731, 0.01873, 0.02024, 0.02195, 0.02404, 0.02666, 0.02983, 0.03366, 0.03883, 0.04625, 0.05417, 0.06165, 0.06804, 0.07496, 0.07496)
CM: (-0.0669, -0.0713, -0.0755, -0.0796, -0.079, -0.088, -0.0921, -0.0926, -0.0934, -0.0925, -0.092, -0.0909, -0.0894, -0.0875, -0.086, -0.0841, -0.0824, -0.0807, -0.0792, -0.0776, -0.0759, -0.074, -0.0722, -0.0702, -0.0679, -0.0648, -0.0605, -0.0548, -0.0486, -0.0429, -0.0381, -0.0335, -0.0296, -0.0265, -0.0245, -0.0234, -0.0229, -0.0222, -0.0223, -0.0223)
Top_Xtr: (0.9566, 0.9444, 0.9318, 0.9191, 0.9063, 0.8871, 0.8698, 0.8504, 0.8326, 0.8113, 0.791, 0.7685, 0.7429, 0.7123, 0.681, 0.6441, 0.6056, 0.5676, 0.5327, 0.5008, 0.4687, 0.4393, 0.4124, 0.3848, 0.355, 0.3214, 0.2831, 0.245, 0.2133, 0.1896, 0.169, 0.1498, 0.1315, 0.1114, 0.0878, 0.0706, 0.0602, 0.0539, 0.0493, 0.0493)
Bot_Xtr: (0.1078, 0.1172, 0.1417, 0.2797, 0.8293, 1.0, 1.0, 1.0, 1.0, 1.0, 1.0, 1.0, 1.0, 1.0, 1.0, 1.0, 1.0, 1.0, 1.0, 1.0, 1.0, 1.0, 1.0, 1.0, 1.0, 1.0, 1.0, 1.0, 1.0, 1.0, 1.0, 1.0, 1.0, 1.0, 1.0, 1.0, 1.0, 1.0, 1.0, 1.0)
CL/CD: (-5.686274509803922, -3.0290952570745313, 0.012733446519524617, 3.457642725598527, 7.096441464672512, 13.025967143614201, 17.885558583106263, 21.323851203501093, 25.322580645161292, 28.618568232662195, 32.484366117111996, 36.24207492795389, 39.692218350754935, 42.511574074074076, 45.80383052814858, 48.38226827864134, 50.52691218130312, 51.8096809680968, 52.40613432046536, 52.707910750507104, 53.23212536728697, 53.125293289535435, 52.83086585912965, 52.366052293184744, 51.53406772745817, 50.336948102246325, 48.790885703785364, 46.98812019566736, 44.83316815328708, 42.296044499381956, 39.549885321100916, 36.54790182106097, 33.291656648232745, 29.48079811199314, 25.08263695450325, 21.505341534477175, 19.072090330052113, 17.447626624237603, 16.0090123005724, 16.0090123005724)

***** Re = 500000, Mach = 0.0, nCrit = 9 *****
alpha: (-4.611, -4.111, -3.611, -3.111, -2.611, -2.111, -1.611, -1.111, -0.611, -0.111, 0.889, 1.389, 1.889, 2.389, 2.889, 3.389, 3.889, 4.389, 4.889, 5.389, 5.889, 6.389, 6.889, 7.389, 7.889, 8.389, 9.389, 9.889, 10.389, 10.889, 11.389, 11.889, 12.389, 12.889, 13.389, 13.889, 14.389, 14.889, 15.389, 15.889, 16.389, 16.389)
CL: (-0.1064, -0.0539, 0.0, 0.0547, 0.11, 0.1649, 0.2194, 0.2747, 0.3281, 0.3751, 0.5155, 0.5671, 0.6191, 0.6714, 0.7235, 0.7751, 0.8253, 0.8737, 0.9225, 0.9725, 1.0226, 1.0728, 1.1229, 1.1718, 1.2199, 1.2646, 1.3325, 1.3633, 1.3919, 1.4102, 1.4173, 1.4332, 1.4402, 1.45, 1.4516, 1.4408, 1.4307, 1.4243, 1.4134, 1.4002, 1.3863, 1.3863)
CD: (0.01207, 0.0111, 0.01052, 0.01002, 0.0096, 0.00906, 0.00857, 0.00818, 0.00758, 0.00676, 0.00678, 0.00693, 0.00711, 0.00734, 0.00762, 0.00798, 0.00845, 0.00909, 0.00975, 0.01032, 0.01087, 0.01139, 0.01188, 0.01242, 0.01298, 0.01375, 0.01662, 0.01792, 0.01927, 0.02137, 0.02436, 0.02697, 0.0305, 0.03409, 0.03876, 0.04511, 0.05192, 0.05881, 0.06673, 0.0753, 0.08423, 0.08423)
CDp: (0.00567, 0.0046, 0.00394, 0.00331, 0.00287, 0.00248, 0.00228, 0.00218, 0.00212, 0.00222, 0.00223, 0.00223, 0.00228, 0.00236, 0.0025, 0.00269, 0.00296, 0.0033, 0.00373, 0.00418, 0.00466, 0.00517, 0.00566, 0.00619, 0.00673, 0.00738, 0.00972, 0.01094, 0.01226, 0.01411, 0.017, 0.01978, 0.02347, 0.02728, 0.03214, 0.03869, 0.04572, 0.05285, 0.06097, 0.06975, 0.07885, 0.07885)
CM: (-0.0877, -0.0869, -0.0862, -0.0858, -0.0854, -0.0851, -0.085, -0.085, -0.0847, -0.0825, -0.0877, -0.0867, -0.0858, -0.085, -0.0842, -0.0833, -0.0823, -0.081, -0.0799, -0.079, -0.0781, -0.0773, -0.0764, -0.0754, -0.0743, -0.0727, -0.0665, -0.0628, -0.0589, -0.054, -0.0483, -0.0443, -0.0404, -0.0375, -0.035, -0.0333, -0.0325, -0.0327, -0.0336, -0.0352, -0.0372, -0.0372)
Top_Xtr: (0.8881, 0.8696, 0.8485, 0.8289, 0.8086, 0.7881, 0.7677, 0.7489, 0.7307, 0.7123, 0.6716, 0.6492, 0.6244, 0.5969, 0.5649, 0.5277, 0.4809, 0.421, 0.3775, 0.3521, 0.3339, 0.3184, 0.3003, 0.2799, 0.2537, 0.2146, 0.1171, 0.0951, 0.0769, 0.0403, 0.02, 0.0175, 0.016, 0.015, 0.0143, 0.0137, 0.0132, 0.0127, 0.0123, 0.012, 0.0117, 0.0117)
Bot_Xtr: (0.0445, 0.0467, 0.0497, 0.0536, 0.0636, 0.1196, 0.229, 0.3385, 0.5328, 0.8184, 1.0, 1.0, 1.0, 1.0, 1.0, 1.0, 1.0, 1.0, 1.0, 1.0, 1.0, 1.0, 1.0, 1.0, 1.0, 1.0, 1.0, 1.0, 1.0, 1.0, 1.0, 1.0, 1.0, 1.0, 1.0, 1.0, 1.0, 1.0, 1.0, 1.0, 1.0, 1.0)
CL/CD: (-8.815244407622203, -4.8558558558558556, 0.0, 5.4590818363273454, 11.458333333333334, 18.200883002207505, 25.600933488914823, 33.58190709046455, 43.284960422163586, 55.488165680473365, 76.03244837758112, 81.83261183261183, 87.0745428973277, 91.47138964577657, 94.94750656167979, 97.13032581453635, 97.66863905325445, 96.11661166116612, 94.61538461538461, 94.23449612403101, 94.0754369825207, 94.18788410886742, 94.52020202020202, 94.34782608695652, 93.98305084745762, 91.97090909090909, 80.17448856799038, 76.07700892857143, 72.23144784639335, 65.98970519419747, 58.18144499178982, 53.14052651093808, 47.21967213114754, 42.53446758580228, 37.45098039215686, 31.939702948348486, 27.555855161787367, 24.218670294167655, 21.180878165742545, 18.594953519256304, 16.458506470378726, 16.458506470378726)

***** Re = 1000000, Mach = 0.0, nCrit = 9 *****
alpha: (-4.543, -4.043, -3.543, -3.043, -2.543, -2.043, -1.543, -1.043, -0.543, -0.043, 0.457, 0.957, 1.457, 1.957, 2.457, 2.957, 3.457, 3.957, 4.457, 4.957, 5.457, 5.957, 6.457, 6.957, 7.457, 7.957, 8.457, 8.957, 9.457, 10.457, 10.957, 11.457, 11.957, 12.457, 12.957, 13.457, 13.957, 14.457, 14.957, 15.457, 15.957, 16.457, 16.957, 17.457, 17.457)
CL: (-0.1117, -0.0562, -0.0001, 0.0561, 0.1125, 0.1691, 0.2254, 0.2816, 0.3381, 0.3939, 0.4471, 0.4931, 0.5751, 0.6269, 0.679, 0.7313, 0.7821, 0.8326, 0.8849, 0.9379, 0.9912, 1.0442, 1.0963, 1.148, 1.197, 1.239, 1.2788, 1.3203, 1.3611, 1.4083, 1.4343, 1.4597, 1.4788, 1.5008, 1.516, 1.5216, 1.5332, 1.5391, 1.5397, 1.5336, 1.5137, 1.4889, 1.4766, 1.4576, 1.4576)
CD: (0.00943, 0.00902, 0.0087, 0.00834, 0.00812, 0.00783, 0.00753, 0.00717, 0.00691, 0.00656, 0.00592, 0.00549, 0.00565, 0.00587, 0.00615, 0.00649, 0.00703, 0.00762, 0.00807, 0.00845, 0.0088, 0.00915, 0.00956, 0.00998, 0.0106, 0.01173, 0.01297, 0.01399, 0.01496, 0.01846, 0.01997, 0.0216, 0.02377, 0.02586, 0.02863, 0.03247, 0.03608, 0.04051, 0.04579, 0.05224, 0.06099, 0.07106, 0.07988, 0.08999, 0.08999)
CDp: (0.00366, 0.00313, 0.0027, 0.00224, 0.00193, 0.0017, 0.00153, 0.00144, 0.0014, 0.00138, 0.00145, 0.00158, 0.00164, 0.00171, 0.00182, 0.00198, 0.00223, 0.00254, 0.00285, 0.00315, 0.00346, 0.00379, 0.00414, 0.00451, 0.00499, 0.00579, 0.00675, 0.00764, 0.00853, 0.01171, 0.01332, 0.01506, 0.01735, 0.01958, 0.02247, 0.02649, 0.03027, 0.03486, 0.04031, 0.04695, 0.05592, 0.06622, 0.07525, 0.08557, 0.08557)
CM: (-0.0839, -0.0837, -0.0836, -0.0836, -0.0835, -0.0836, -0.0837, -0.0839, -0.0842, -0.0843, -0.084, -0.0813, -0.0869, -0.086, -0.0852, -0.0845, -0.0837, -0.0828, -0.0823, -0.0819, -0.0815, -0.0811, -0.0806, -0.0801, -0.0792, -0.0772, -0.0749, -0.0728, -0.0706, -0.0609, -0.0567, -0.0529, -0.0488, -0.0456, -0.0423, -0.039, -0.0368, -0.0351, -0.0339, -0.0335, -0.0342, -0.0361, -0.0382, -0.0411, -0.0411)
Top_Xtr: (0.8278, 0.8063, 0.7853, 0.7649, 0.7442, 0.7249, 0.7078, 0.6912, 0.6721, 0.6529, 0.6313, 0.6077, 0.5799, 0.55, 0.5175, 0.4775, 0.417, 0.3631, 0.3353, 0.3178, 0.3048, 0.2906, 0.2721, 0.2507, 0.2163, 0.1582, 0.1122, 0.0869, 0.0688, 0.0148, 0.013, 0.0118, 0.0109, 0.0101, 0.0095, 0.009, 0.0086, 0.0082, 0.0079, 0.0077, 0.0075, 0.0073, 0.0072, 0.007, 0.007)
Bot_Xtr: (0.0351, 0.0366, 0.0383, 0.0408, 0.0445, 0.0668, 0.1228, 0.2196, 0.3121, 0.4475, 0.7112, 0.9316, 1.0, 1.0, 1.0, 1.0, 1.0, 1.0, 1.0, 1.0, 1.0, 1.0, 1.0, 1.0, 1.0, 1.0, 1.0, 1.0, 1.0, 1.0, 1.0, 1.0, 1.0, 1.0, 1.0, 1.0, 1.0, 1.0, 1.0, 1.0, 1.0, 1.0, 1.0, 1.0, 1.0)
CL/CD: (-11.845174973488866, -6.23059866962306, -0.01149425287356322, 6.726618705035971, 13.854679802955664, 21.596424010217113, 29.933598937583, 39.274755927475596, 48.92908827785818, 60.04573170731707, 75.52364864864865, 89.81785063752277, 101.78761061946902, 106.79727427597956, 110.40650406504065, 112.68104776579352, 111.25177809388336, 109.26509186351706, 109.6530359355638, 110.99408284023669, 112.63636363636363, 114.12021857923497, 114.67573221757321, 115.03006012024048, 112.9245283018868, 105.62659846547315, 98.59676175790284, 94.37455325232308, 90.98262032085562, 76.28927410617551, 71.82273410115172, 67.5787037037037, 62.212873369793854, 58.03557617942768, 52.95144952846665, 46.86171850939329, 42.494456762749444, 37.99308812638855, 33.62524568683119, 29.356814701378255, 24.818822757829153, 20.95271601463552, 18.48522784176264, 16.197355261695744, 16.197355261695744)

***** Re = 5000000, Mach = 0.0, nCrit = 9 *****
alpha: (-4.483, -3.983, -3.483, -2.983, -2.483, -1.983, -1.483, -0.983, -0.483, 0.017, 0.517, 1.017, 1.517, 2.017, 2.517, 3.017, 3.517, 4.017, 4.517, 5.017, 5.517, 6.017, 6.517, 7.017, 7.517, 8.017, 8.517, 9.017, 9.517, 10.017, 10.517, 11.017, 11.517, 12.017, 12.517, 13.017, 13.517, 14.017, 14.517, 15.017, 15.517, 16.017, 16.517, 17.017, 17.517, 18.017, 18.517, 19.017, 19.517, 20.017, 20.517, 21.017, 21.517, 21.517)
CL: (-0.1159, -0.058, 0.0001, 0.0581, 0.1161, 0.1742, 0.232, 0.2896, 0.3472, 0.4043, 0.4611, 0.5174, 0.5729, 0.628, 0.6837, 0.7391, 0.7882, 0.8525, 0.9084, 0.9633, 1.017, 1.0675, 1.1169, 1.1676, 1.2192, 1.2693, 1.3103, 1.3593, 1.4073, 1.4543, 1.5, 1.5436, 1.5843, 1.6203, 1.6518, 1.6812, 1.7114, 1.7394, 1.7647, 1.7868, 1.8028, 1.8213, 1.837, 1.8486, 1.8564, 1.8606, 1.8601, 1.855, 1.8435, 1.8258, 1.8001, 1.7675, 1.7305, 1.7305)
CD: (0.00656, 0.00642, 0.00631, 0.00624, 0.00616, 0.00609, 0.00609, 0.00601, 0.00593, 0.00585, 0.0058, 0.00591, 0.00607, 0.00601, 0.00576, 0.00563, 0.00555, 0.00571, 0.00592, 0.00622, 0.00664, 0.00733, 0.00809, 0.0087, 0.00918, 0.00977, 0.01109, 0.01165, 0.01223, 0.01283, 0.01345, 0.01413, 0.01488, 0.01561, 0.01652, 0.01762, 0.01874, 0.02008, 0.02166, 0.02358, 0.02609, 0.02858, 0.03147, 0.03487, 0.03885, 0.04349, 0.04886, 0.0551, 0.0624, 0.07084, 0.08072, 0.09192, 0.10415, 0.10415)
CDp: (0.00176, 0.00156, 0.00141, 0.00128, 0.00115, 0.00104, 0.00097, 0.0009, 0.00086, 0.00086, 0.00089, 0.00098, 0.00112, 0.00128, 0.00144, 0.00159, 0.00174, 0.00186, 0.00201, 0.00221, 0.00247, 0.00291, 0.00342, 0.00387, 0.00427, 0.00474, 0.00581, 0.00635, 0.00692, 0.0075, 0.00812, 0.0088, 0.00956, 0.01032, 0.01124, 0.01239, 0.01356, 0.01493, 0.01657, 0.01855, 0.02115, 0.0237, 0.02668, 0.03017, 0.03425, 0.03899, 0.04448, 0.05085, 0.05828, 0.06688, 0.07694, 0.08833, 0.10076, 0.10076)
CM: (-0.0816, -0.0819, -0.0823, -0.0826, -0.083, -0.0833, -0.0837, -0.084, -0.0844, -0.0847, -0.085, -0.0852, -0.0853, -0.0855, -0.0857, -0.0857, -0.084, -0.0859, -0.086, -0.086, -0.0857, -0.085, -0.0841, -0.0834, -0.0829, -0.0822, -0.0799, -0.0789, -0.0779, -0.0767, -0.0753, -0.0737, -0.0715, -0.0685, -0.0648, -0.0611, -0.0579, -0.0547, -0.0515, -0.0483, -0.045, -0.0425, -0.0402, -0.0381, -0.0364, -0.0352, -0.0344, -0.0342, -0.0346, -0.0358, -0.0379, -0.0409, -0.0449, -0.0449)
Top_Xtr: (0.6872, 0.6656, 0.648, 0.6285, 0.608, 0.5871, 0.5624, 0.5383, 0.5143, 0.4858, 0.454, 0.4105, 0.3603, 0.3208, 0.3019, 0.2882, 0.2764, 0.2668, 0.255, 0.2338, 0.2034, 0.155, 0.1079, 0.0819, 0.0682, 0.0524, 0.0131, 0.0105, 0.0089, 0.0078, 0.007, 0.0063, 0.0057, 0.0053, 0.0049, 0.0044, 0.0043, 0.0041, 0.0039, 0.0036, 0.0033, 0.0033, 0.0032, 0.0031, 0.003, 0.0029, 0.0028, 0.0028, 0.0027, 0.0026, 0.0025, 0.0025, 0.0024, 0.0024)
Bot_Xtr: (0.0252, 0.0264, 0.0273, 0.0281, 0.0293, 0.0316, 0.0331, 0.0511, 0.0877, 0.1499, 0.2246, 0.2806, 0.3526, 0.5207, 0.7235, 0.859, 0.9796, 1.0, 1.0, 1.0, 1.0, 1.0, 1.0, 1.0, 1.0, 1.0, 1.0, 1.0, 1.0, 1.0, 1.0, 1.0, 1.0, 1.0, 1.0, 1.0, 1.0, 1.0, 1.0, 1.0, 1.0, 1.0, 1.0, 1.0, 1.0, 1.0, 1.0, 1.0, 1.0, 1.0, 1.0, 1.0, 1.0, 1.0)
CL/CD: (-17.66768292682927, -9.034267912772586, 0.01584786053882726, 9.310897435897436, 18.8474025974026, 28.604269293924467, 38.095238095238095, 48.18635607321132, 58.549747048903875, 69.11111111111111, 79.50000000000001, 87.54653130287647, 94.3822075782537, 104.49251247920134, 118.69791666666666, 131.27886323268206, 142.018018018018, 149.2994746059545, 153.44594594594594, 154.87138263665597, 153.16265060240963, 145.6343792633015, 138.05933250927072, 134.20689655172416, 132.81045751633988, 129.9181166837257, 118.15148782687106, 116.67811158798283, 115.06950122649224, 113.35151987529228, 111.52416356877323, 109.24274593064402, 106.47177419354838, 103.7988468930173, 99.98789346246973, 95.41430192962542, 91.32337246531483, 86.62350597609561, 81.47276084949215, 75.77608142493638, 69.09927175162898, 63.72638208537438, 58.37305370193835, 53.01405219386292, 47.78378378378378, 42.78224879282594, 38.069995906672126, 33.66606170598911, 29.54326923076923, 25.77357425183512, 22.30054509415263, 19.228677110530896, 16.615458473355734, 16.615458473355734)

***** Re = 10000000, Mach = 0.0, nCrit = 9 *****
alpha: (-4.468, -3.968, -3.468, -2.968, -2.468, -1.968, -1.468, -0.968, 0.032, 0.532, 1.032, 1.532, 2.032, 2.532, 3.032, 3.532, 4.032, 4.532, 5.032, 5.532, 6.032, 6.532, 7.032, 7.532, 8.032, 8.532, 9.032, 9.532, 10.032, 10.532, 11.032, 11.532, 12.032, 12.532, 13.032, 13.532, 14.032, 14.532, 15.032, 15.532, 16.032, 16.532, 17.032, 17.532, 18.032, 18.532, 19.032, 19.532, 20.032, 20.532, 21.032, 21.532, 22.032, 22.532, 22.532)
CL: (-0.1166, -0.0584, 0.0, 0.0582, 0.1164, 0.1746, 0.2329, 0.2907, 0.405, 0.4619, 0.5189, 0.5762, 0.6338, 0.691, 0.7479, 0.8047, 0.8612, 0.9162, 0.9664, 1.0173, 1.0717, 1.1252, 1.1785, 1.2299, 1.276, 1.3276, 1.3787, 1.4288, 1.4778, 1.526, 1.5726, 1.6177, 1.6614, 1.7015, 1.7341, 1.765, 1.7958, 1.8249, 1.8515, 1.8754, 1.896, 1.9146, 1.9322, 1.9471, 1.9582, 1.966, 1.9702, 1.9696, 1.9641, 1.9533, 1.9366, 1.9126, 1.8821, 1.847, 1.847)
CD: (0.00592, 0.00585, 0.0058, 0.00572, 0.0057, 0.0057, 0.00569, 0.00573, 0.00584, 0.00591, 0.00589, 0.00593, 0.00594, 0.00589, 0.0057, 0.00561, 0.0056, 0.00577, 0.00609, 0.00657, 0.00712, 0.00754, 0.00794, 0.00849, 0.00949, 0.00993, 0.01037, 0.01084, 0.01136, 0.01187, 0.01245, 0.01306, 0.01368, 0.01437, 0.01516, 0.01603, 0.01699, 0.01812, 0.01947, 0.02109, 0.02305, 0.0253, 0.02776, 0.03063, 0.03398, 0.03787, 0.04237, 0.04762, 0.05372, 0.06068, 0.0687, 0.07799, 0.08842, 0.09984, 0.09984)
CDp: (0.0014, 0.00129, 0.00119, 0.00107, 0.00099, 0.00094, 0.00089, 0.00087, 0.00088, 0.00093, 0.00099, 0.00107, 0.00114, 0.00124, 0.00136, 0.0015, 0.00165, 0.00186, 0.00219, 0.00253, 0.0029, 0.00321, 0.00353, 0.00395, 0.00475, 0.00516, 0.00558, 0.00602, 0.00651, 0.00701, 0.00757, 0.00818, 0.0088, 0.00949, 0.01029, 0.01118, 0.01217, 0.01333, 0.01472, 0.01637, 0.01838, 0.02069, 0.02322, 0.02615, 0.02957, 0.03354, 0.03814, 0.04348, 0.04969, 0.05677, 0.06492, 0.07436, 0.08494, 0.09653, 0.09653)
CM: (-0.0814, -0.0818, -0.0822, -0.0825, -0.0829, -0.0833, -0.0837, -0.0841, -0.0847, -0.0849, -0.0853, -0.0856, -0.086, -0.0865, -0.0869, -0.0873, -0.0875, -0.0875, -0.0865, -0.0856, -0.0857, -0.0854, -0.0852, -0.0846, -0.0831, -0.0826, -0.0821, -0.0814, -0.0805, -0.0796, -0.0784, -0.0769, -0.0753, -0.0731, -0.0694, -0.0657, -0.0623, -0.059, -0.0556, -0.0523, -0.049, -0.0459, -0.0433, -0.0409, -0.0388, -0.037, -0.0356, -0.0347, -0.0344, -0.0346, -0.0354, -0.0371, -0.0396, -0.043, -0.043)
Top_Xtr: (0.6164, 0.5949, 0.5753, 0.5543, 0.53, 0.5081, 0.4868, 0.4577, 0.3785, 0.3414, 0.3151, 0.2936, 0.2804, 0.2676, 0.2567, 0.2459, 0.2333, 0.207, 0.1636, 0.1236, 0.0894, 0.0725, 0.0606, 0.0432, 0.0116, 0.0094, 0.0082, 0.0071, 0.0061, 0.0056, 0.0049, 0.0044, 0.0042, 0.0039, 0.0035, 0.0033, 0.0032, 0.0031, 0.0029, 0.0027, 0.0025, 0.0023, 0.0023, 0.0023, 0.0022, 0.0022, 0.0021, 0.0021, 0.002, 0.002, 0.0019, 0.0019, 0.0018, 0.0018, 0.0018)
Bot_Xtr: (0.0237, 0.0241, 0.0242, 0.0263, 0.0275, 0.0282, 0.0296, 0.0326, 0.0841, 0.1268, 0.1973, 0.2453, 0.3006, 0.3963, 0.563, 0.6942, 0.7958, 0.8629, 0.9541, 0.9956, 1.0, 1.0, 1.0, 1.0, 1.0, 1.0, 1.0, 1.0, 1.0, 1.0, 1.0, 1.0, 1.0, 1.0, 1.0, 1.0, 1.0, 1.0, 1.0, 1.0, 1.0, 1.0, 1.0, 1.0, 1.0, 1.0, 1.0, 1.0, 1.0, 1.0, 1.0, 1.0, 1.0, 1.0, 1.0)
CL/CD: (-19.695945945945944, -9.982905982905983, 0.0, 10.174825174825175, 20.42105263157895, 30.63157894736842, 40.93145869947276, 50.732984293193724, 69.34931506849315, 78.15566835871404, 88.09847198641766, 97.16694772344013, 106.7003367003367, 117.31748726655347, 131.21052631578948, 143.44028520499108, 153.78571428571428, 158.78682842287697, 158.68637110016422, 154.84018264840182, 150.51966292134833, 149.23076923076923, 148.42569269521414, 144.86454652532393, 134.45732349841938, 133.69587109768378, 132.95081967213113, 131.80811808118082, 130.08802816901408, 128.55939342881214, 126.3132530120482, 123.8667687595712, 121.44736842105263, 118.40640222686152, 114.38654353562005, 110.10605115408609, 105.69746909947027, 100.71192052980132, 95.0950179763739, 88.92366050260786, 82.25596529284164, 75.67588932806325, 69.60374639769452, 63.56839699640875, 57.62801648028251, 51.91444415104304, 46.49988199197546, 41.36077278454431, 36.56180193596426, 32.19017798286091, 28.189228529839887, 24.523656879087063, 21.2859081655734, 18.499599358974358, 18.499599358974358)

***** Re = 100000000, Mach = 0.0, nCrit = 9 *****
alpha: (-4.426, -3.926, -3.426, -2.926, -2.426, -1.926, -1.426, -0.926, -0.426, 0.574, 1.074, 1.574, 2.074, 2.574, 3.074, 3.574, 4.074, 4.574, 6.074, 6.574, 7.074, 7.574, 8.074, 8.574, 9.074, 10.074, 10.574, 11.574, 12.074, 12.574, 13.074, 13.574, 14.074, 14.574, 15.074, 15.574, 16.074, 16.574, 17.074, 17.574, 18.074, 18.574, 19.074, 19.574, 20.074, 20.574, 21.074, 21.574, 22.074, 22.574, 23.074, 23.574, 24.074, 24.574, 24.574)
CL: (-0.1179, -0.059, 0.0, 0.059, 0.1179, 0.1768, 0.2358, 0.2944, 0.3526, 0.4694, 0.5278, 0.5858, 0.6437, 0.7017, 0.759, 0.8164, 0.8736, 0.9307, 1.0973, 1.1531, 1.2086, 1.2638, 1.3184, 1.3729, 1.4266, 1.5328, 1.5849, 1.6876, 1.7375, 1.7861, 1.8338, 1.8806, 1.926, 1.968, 2.0088, 2.0424, 2.0674, 2.0944, 2.1216, 2.1474, 2.1712, 2.193, 2.2124, 2.2296, 2.2437, 2.2542, 2.2634, 2.2673, 2.2696, 2.265, 2.2566, 2.243, 2.2235, 2.1972, 2.1972)
CD: (0.00497, 0.00492, 0.0049, 0.00488, 0.00487, 0.00485, 0.00485, 0.00491, 0.005, 0.00515, 0.00519, 0.00524, 0.00534, 0.0054, 0.00553, 0.00567, 0.00576, 0.0059, 0.00667, 0.00687, 0.00707, 0.00729, 0.00753, 0.00777, 0.00804, 0.0086, 0.0089, 0.00948, 0.00985, 0.01029, 0.01073, 0.01114, 0.01158, 0.012, 0.01259, 0.01325, 0.01403, 0.01495, 0.01597, 0.01715, 0.01855, 0.02017, 0.02206, 0.02424, 0.02681, 0.02984, 0.03323, 0.03731, 0.04178, 0.04713, 0.05316, 0.05995, 0.06766, 0.07649, 0.07649)
CDp: (0.00101, 0.00096, 0.00091, 0.00088, 0.00085, 0.00083, 0.00081, 0.00082, 0.00086, 0.00092, 0.00096, 0.00102, 0.0011, 0.00117, 0.00127, 0.00139, 0.00151, 0.00164, 0.00233, 0.00253, 0.00273, 0.00296, 0.0032, 0.00344, 0.00371, 0.0043, 0.00464, 0.00536, 0.00576, 0.0062, 0.00665, 0.00712, 0.00762, 0.00816, 0.00873, 0.00939, 0.01018, 0.0111, 0.01213, 0.01333, 0.01474, 0.01638, 0.01829, 0.02051, 0.02311, 0.02617, 0.02961, 0.03374, 0.03827, 0.04368, 0.04979, 0.05665, 0.06446, 0.07339, 0.07339)
CM: (-0.0809, -0.0814, -0.0819, -0.0824, -0.0829, -0.0835, -0.084, -0.0845, -0.0849, -0.0858, -0.0863, -0.0867, -0.0871, -0.0876, -0.0879, -0.0883, -0.0887, -0.089, -0.0893, -0.0895, -0.0896, -0.0897, -0.0898, -0.0898, -0.0897, -0.0894, -0.0891, -0.0884, -0.0878, -0.087, -0.0861, -0.085, -0.0838, -0.0818, -0.0798, -0.0764, -0.0714, -0.0674, -0.0637, -0.0601, -0.0566, -0.0533, -0.0501, -0.047, -0.0442, -0.0416, -0.0395, -0.0377, -0.0363, -0.0352, -0.0347, -0.0346, -0.0351, -0.0364, -0.0364)
Top_Xtr: (0.3081, 0.2974, 0.2855, 0.2714, 0.2586, 0.2503, 0.2416, 0.2195, 0.1898, 0.1545, 0.1466, 0.1295, 0.1135, 0.1055, 0.0879, 0.075, 0.0653, 0.0579, 0.011, 0.0086, 0.0072, 0.0058, 0.0047, 0.0044, 0.0037, 0.0031, 0.0026, 0.0023, 0.0022, 0.0019, 0.0016, 0.0015, 0.0015, 0.0015, 0.0014, 0.0013, 0.0012, 0.001, 0.001, 0.0009, 0.0009, 0.0009, 0.0009, 0.0009, 0.0009, 0.0009, 0.0009, 0.0009, 0.0009, 0.0009, 0.0009, 0.0008, 0.0008, 0.0008, 0.0008)
Bot_Xtr: (0.0199, 0.0205, 0.0206, 0.0207, 0.0225, 0.024, 0.0242, 0.0246, 0.0276, 0.0301, 0.0383, 0.0687, 0.0815, 0.1101, 0.1358, 0.1565, 0.2055, 0.2268, 0.3356, 0.3598, 0.3842, 0.4091, 0.4367, 0.4589, 0.4846, 0.5442, 0.6063, 0.7398, 0.7805, 0.7954, 0.8151, 0.8746, 0.9221, 1.0, 1.0, 1.0, 1.0, 1.0, 1.0, 1.0, 1.0, 1.0, 1.0, 1.0, 1.0, 1.0, 1.0, 1.0, 1.0, 1.0, 1.0, 1.0, 1.0, 1.0, 1.0)
CL/CD: (-23.722334004024148, -11.991869918699187, 0.0, 12.09016393442623, 24.209445585215605, 36.45360824742268, 48.618556701030926, 59.959266802443985, 70.52000000000001, 91.14563106796116, 101.69556840077072, 111.79389312977099, 120.5430711610487, 129.94444444444443, 137.251356238698, 143.98589065255732, 151.66666666666666, 157.74576271186442, 164.51274362818592, 167.8457059679767, 170.94766619519095, 173.36076817558302, 175.08632138114208, 176.6924066924067, 177.43781094527364, 178.2325581395349, 178.07865168539325, 178.0168776371308, 176.39593908629442, 173.57628765792032, 170.9040074557316, 168.81508078994614, 166.32124352331607, 164.0, 159.55520254169974, 154.14339622641512, 147.35566642908054, 140.09364548494983, 132.8490920475892, 125.21282798833822, 117.04582210242586, 108.72583044124939, 100.29011786038079, 91.98019801980197, 83.68892204401342, 75.54289544235925, 68.11315076737887, 60.76923076923077, 54.32264241263763, 48.058561425843415, 42.44920993227991, 37.41451209341117, 32.86284362991428, 28.72532357170872, 28.72532357170872)
