e855

***** Re = 100000, Mach = 0.0, nCrit = 9 *****
alpha: (-5.238, -4.738, -4.238, -3.738, -3.238, -2.738, -2.238, -1.738, -1.238, -0.738, -0.238, 0.262, 0.762, 1.262, 1.762, 2.262, 2.762, 3.262, 3.762, 4.262, 4.762, 5.262, 5.762, 6.762, 7.262, 7.762, 8.262, 8.762, 9.262, 9.762, 10.262, 10.762, 11.262, 11.762, 12.262, 12.762, 13.262, 13.762, 13.762)
CL: (-0.1593, -0.078, 0.0001, 0.0677, 0.135, 0.1938, 0.2594, 0.3131, 0.3739, 0.4291, 0.483, 0.5379, 0.5932, 0.6445, 0.6945, 0.7418, 0.7861, 0.8225, 0.8733, 0.9433, 1.0058, 1.059, 1.1061, 1.1906, 1.233, 1.3071, 1.352, 1.4151, 1.464, 1.4981, 1.5171, 1.5134, 1.4911, 1.4572, 1.4241, 1.4007, 1.3878, 1.3833, 1.3833)
CD: (0.02029, 0.02121, 0.02175, 0.02192, 0.02195, 0.02187, 0.02148, 0.02141, 0.02123, 0.0213, 0.02144, 0.02163, 0.02192, 0.02228, 0.02274, 0.02329, 0.02396, 0.02462, 0.02522, 0.02651, 0.02759, 0.0289, 0.0304, 0.03342, 0.03443, 0.03283, 0.03292, 0.0316, 0.03069, 0.03006, 0.02976, 0.03046, 0.03342, 0.03912, 0.04642, 0.05361, 0.06006, 0.06594, 0.06594)
CDp: (0.01384, 0.01464, 0.01501, 0.01497, 0.01485, 0.01455, 0.01385, 0.01361, 0.01319, 0.01311, 0.01316, 0.01329, 0.01352, 0.0139, 0.01443, 0.01509, 0.01591, 0.01678, 0.0176, 0.01888, 0.01996, 0.02135, 0.02299, 0.0264, 0.02763, 0.0261, 0.02643, 0.02525, 0.02454, 0.02417, 0.02409, 0.0249, 0.02782, 0.03312, 0.04002, 0.04693, 0.05312, 0.05884, 0.05884)
CM: (-0.1103, -0.1134, -0.1153, -0.1159, -0.1161, -0.116, -0.1178, -0.1177, -0.119, -0.1197, -0.1198, -0.1201, -0.1208, -0.1205, -0.1201, -0.1191, -0.1175, -0.1142, -0.1145, -0.1199, -0.1226, -0.1233, -0.1229, -0.1202, -0.1183, -0.1194, -0.1171, -0.1167, -0.1143, -0.1097, -0.1028, -0.093, -0.0833, -0.0757, -0.0708, -0.0674, -0.0648, -0.0625, -0.0625)
Top_Xtr: (0.9121, 0.8957, 0.8812, 0.8622, 0.8451, 0.8246, 0.8073, 0.7874, 0.7713, 0.7545, 0.7392, 0.7253, 0.7122, 0.6996, 0.6875, 0.6758, 0.6645, 0.6537, 0.6429, 0.6321, 0.6221, 0.6112, 0.5992, 0.5716, 0.5553, 0.539, 0.5192, 0.499, 0.4747, 0.4456, 0.411, 0.3694, 0.3124, 0.2512, 0.2046, 0.1688, 0.1403, 0.1165, 0.1165)
Bot_Xtr: (0.345, 0.4885, 0.5397, 0.5757, 0.6063, 0.6315, 0.6525, 0.6686, 0.6851, 0.7011, 0.7163, 0.7329, 0.7512, 0.7702, 0.7917, 0.8166, 0.8476, 0.8909, 1.0, 1.0, 1.0, 1.0, 1.0, 1.0, 1.0, 1.0, 1.0, 1.0, 1.0, 1.0, 1.0, 1.0, 1.0, 1.0, 1.0, 1.0, 1.0, 1.0, 1.0)
CL/CD: (-7.851158206012815, -3.6775106082036775, 0.004597701149425288, 3.0885036496350367, 6.150341685649203, 8.861454046639231, 12.076350093109872, 14.624007473143392, 17.611869995289688, 20.145539906103284, 22.527985074626866, 24.868238557558946, 27.062043795620436, 28.927289048473963, 30.54089709762533, 31.85057964791756, 32.80884808013356, 33.40779853777417, 34.62727993655829, 35.5827989437948, 36.45523740485683, 36.64359861591696, 36.38486842105264, 35.62537402752843, 35.81179204182399, 39.8141943344502, 41.06925880923451, 44.78164556962025, 47.70283479960899, 49.83699268130406, 50.97782258064515, 49.68483256730138, 44.61699581089169, 37.24948875255624, 30.678586816027572, 26.127588136541693, 23.106893106893104, 20.978161965423112, 20.978161965423112)

***** Re = 400000, Mach = 0.0, nCrit = 9 *****
alpha: (-6.046, -5.546, -5.046, -4.546, -4.046, -3.546, -3.046, -2.546, -2.046, -1.546, -1.046, -0.546, -0.046, 0.454, 0.954, 1.454, 1.954, 2.454, 2.954, 3.454, 3.954, 4.454, 4.954, 5.454, 5.954, 6.454, 6.954, 7.454, 7.954, 8.454, 8.954, 9.454, 9.954, 10.454, 10.954, 11.454, 11.954, 12.454, 12.954, 12.954)
CL: (-0.1144, -0.0566, -0.0, 0.057, 0.1141, 0.1713, 0.2286, 0.2858, 0.3431, 0.4004, 0.4577, 0.515, 0.5723, 0.6296, 0.6867, 0.7438, 0.8009, 0.8576, 0.914, 0.9705, 1.0264, 1.0812, 1.1351, 1.1854, 1.2221, 1.2751, 1.3264, 1.3756, 1.4223, 1.4653, 1.5021, 1.5189, 1.5177, 1.5166, 1.5166, 1.5178, 1.5181, 1.5162, 1.5141, 1.5141)
CD: (0.01142, 0.01053, 0.0094, 0.00937, 0.00952, 0.00969, 0.00985, 0.00996, 0.01012, 0.01022, 0.01029, 0.01038, 0.01047, 0.01058, 0.01072, 0.01087, 0.01105, 0.01122, 0.01139, 0.01161, 0.01182, 0.01202, 0.01221, 0.01227, 0.01207, 0.01238, 0.0127, 0.01307, 0.01342, 0.01393, 0.0147, 0.0162, 0.0189, 0.02193, 0.02532, 0.0292, 0.03373, 0.03894, 0.0445, 0.0445)
CDp: (0.00512, 0.00429, 0.00364, 0.00354, 0.00349, 0.00348, 0.00343, 0.00344, 0.00346, 0.00343, 0.00342, 0.00344, 0.0035, 0.00359, 0.00372, 0.00389, 0.00408, 0.0043, 0.00459, 0.00489, 0.00522, 0.00562, 0.00598, 0.0063, 0.00643, 0.00678, 0.00718, 0.00761, 0.00809, 0.00865, 0.0094, 0.01064, 0.01291, 0.01567, 0.01891, 0.02275, 0.02728, 0.03252, 0.03816, 0.03816)
CM: (-0.1266, -0.1279, -0.1295, -0.1299, -0.1301, -0.1304, -0.1307, -0.131, -0.1314, -0.1318, -0.1322, -0.1326, -0.1331, -0.1336, -0.134, -0.1345, -0.135, -0.1354, -0.1358, -0.1362, -0.1365, -0.1366, -0.1364, -0.1354, -0.1311, -0.1309, -0.1304, -0.1295, -0.1281, -0.126, -0.1229, -0.1164, -0.1076, -0.1, -0.0938, -0.0891, -0.0856, -0.083, -0.081, -0.081)
Top_Xtr: (0.8456, 0.8055, 0.7732, 0.7465, 0.7233, 0.7028, 0.6847, 0.6674, 0.6516, 0.6372, 0.624, 0.6116, 0.6, 0.5891, 0.5788, 0.5694, 0.5605, 0.5516, 0.5429, 0.5349, 0.5267, 0.5181, 0.5084, 0.4969, 0.4834, 0.4703, 0.4566, 0.4412, 0.4205, 0.3946, 0.3562, 0.2897, 0.2126, 0.1574, 0.1198, 0.0939, 0.0744, 0.0592, 0.0479, 0.0479)
Bot_Xtr: (0.0866, 0.1595, 0.3355, 0.4123, 0.4459, 0.4716, 0.4899, 0.5072, 0.5263, 0.5387, 0.549, 0.5593, 0.57, 0.5813, 0.5933, 0.6062, 0.6205, 0.6368, 0.6546, 0.6761, 0.7011, 0.7308, 0.768, 0.8182, 1.0, 1.0, 1.0, 1.0, 1.0, 1.0, 1.0, 1.0, 1.0, 1.0, 1.0, 1.0, 1.0, 1.0, 1.0, 1.0)
CL/CD: (-10.01751313485114, -5.3751187084520415, -0.0, 6.08324439701174, 11.985294117647058, 17.678018575851393, 23.20812182741117, 28.694779116465863, 33.90316205533597, 39.17808219178082, 44.480077745383866, 49.614643545279385, 54.66093600764088, 59.50850661625709, 64.05783582089552, 68.42686292548298, 72.47963800904976, 76.4349376114082, 80.24582967515364, 83.59173126614986, 86.83587140439931, 89.95008319467554, 92.96478296478296, 96.60961695191524, 101.2510356255178, 102.9967689822294, 104.44094488188976, 105.24866105585309, 105.98360655737704, 105.19023689877962, 102.18367346938776, 93.75925925925925, 80.3015873015873, 69.15640674874601, 59.897314375987364, 51.97945205479452, 45.007411799584936, 38.93682588597843, 34.024719101123594, 34.024719101123594)

***** Re = 700000, Mach = 0.0, nCrit = 9 *****
alpha: (-6.054, -5.554, -5.054, -4.554, -4.054, -3.554, -3.054, -2.554, -2.054, -1.554, -1.054, -0.054, 0.446, 0.946, 1.446, 1.946, 2.446, 2.946, 3.446, 3.946, 4.446, 5.446, 5.946, 6.446, 6.946, 7.446, 7.946, 8.446, 8.946, 9.946, 10.446, 10.946, 11.446, 11.946, 12.446, 12.946, 13.446, 13.946, 14.446, 14.946, 15.446, 15.946, 16.446, 16.946, 16.946)
CL: (-0.1129, -0.057, 0.0, 0.0579, 0.116, 0.1738, 0.2318, 0.2896, 0.3473, 0.405, 0.4628, 0.5781, 0.6357, 0.6931, 0.7501, 0.8073, 0.8642, 0.9207, 0.9772, 1.0333, 1.0885, 1.1966, 1.2498, 1.2998, 1.3408, 1.3914, 1.4391, 1.48, 1.5013, 1.5234, 1.5353, 1.5465, 1.5572, 1.5654, 1.5738, 1.5789, 1.5808, 1.5801, 1.5773, 1.5719, 1.5642, 1.5542, 1.5438, 1.5337, 1.5337)
CD: (0.01013, 0.00959, 0.00888, 0.00806, 0.00795, 0.008, 0.00806, 0.00815, 0.00827, 0.00837, 0.00847, 0.00862, 0.00871, 0.00883, 0.00898, 0.00909, 0.00922, 0.0094, 0.00953, 0.0097, 0.00987, 0.01017, 0.01034, 0.01039, 0.01043, 0.01083, 0.01137, 0.01226, 0.01414, 0.01837, 0.02061, 0.02313, 0.02603, 0.02954, 0.03345, 0.038, 0.04311, 0.04868, 0.05469, 0.06118, 0.06817, 0.07568, 0.08343, 0.09139, 0.09139)
CDp: (0.00394, 0.00344, 0.00292, 0.00251, 0.00241, 0.00234, 0.0023, 0.00227, 0.00227, 0.0023, 0.00232, 0.00241, 0.00249, 0.0026, 0.00273, 0.00288, 0.00307, 0.00329, 0.00351, 0.00378, 0.00406, 0.00463, 0.00495, 0.00532, 0.00557, 0.00598, 0.00648, 0.00721, 0.00862, 0.01222, 0.01431, 0.01676, 0.01965, 0.02317, 0.02716, 0.03181, 0.03702, 0.0427, 0.04883, 0.05546, 0.06259, 0.07024, 0.07815, 0.08629, 0.08629)
CM: (-0.1267, -0.1273, -0.1285, -0.1299, -0.1306, -0.1311, -0.1316, -0.1321, -0.1325, -0.133, -0.1335, -0.1346, -0.1351, -0.1356, -0.136, -0.1365, -0.137, -0.1373, -0.1377, -0.138, -0.1382, -0.138, -0.1377, -0.1367, -0.1336, -0.133, -0.1319, -0.1296, -0.124, -0.1099, -0.1039, -0.0986, -0.0941, -0.0904, -0.0876, -0.0853, -0.0834, -0.0819, -0.0807, -0.0798, -0.0794, -0.0792, -0.0795, -0.0802, -0.0802)
Top_Xtr: (0.7687, 0.7395, 0.7159, 0.6954, 0.676, 0.6581, 0.641, 0.6253, 0.6111, 0.5979, 0.5859, 0.5639, 0.5539, 0.5449, 0.5362, 0.5278, 0.5196, 0.512, 0.5041, 0.4963, 0.4868, 0.4617, 0.4495, 0.4367, 0.4221, 0.4011, 0.3729, 0.3255, 0.2403, 0.126, 0.0934, 0.0701, 0.0536, 0.0419, 0.0335, 0.027, 0.0218, 0.0177, 0.0142, 0.0114, 0.0092, 0.0075, 0.0062, 0.0054, 0.0054)
Bot_Xtr: (0.0625, 0.1073, 0.1953, 0.3471, 0.4048, 0.4333, 0.4553, 0.4707, 0.4874, 0.5032, 0.5139, 0.5328, 0.5428, 0.5535, 0.5649, 0.5772, 0.5909, 0.6063, 0.6245, 0.6452, 0.6701, 0.7375, 0.778, 0.8522, 1.0, 1.0, 1.0, 1.0, 1.0, 1.0, 1.0, 1.0, 1.0, 1.0, 1.0, 1.0, 1.0, 1.0, 1.0, 1.0, 1.0, 1.0, 1.0, 1.0, 1.0)
CL/CD: (-11.145113524185588, -5.9436913451511995, 0.0, 7.183622828784119, 14.59119496855346, 21.725, 28.759305210918118, 35.53374233128835, 41.99516324062878, 48.387096774193544, 54.63990554899646, 67.06496519721578, 72.98507462686567, 78.4937712344281, 83.53006681514476, 88.8118811881188, 93.73101952277656, 97.94680851063829, 102.53934942287512, 106.5257731958763, 110.28368794326241, 117.6597836774828, 120.87040618955513, 125.10105871029837, 128.5522531160115, 128.47645429362882, 126.56992084432719, 120.71778140293638, 106.17397454031118, 82.92868807838867, 74.49296458030084, 66.86121919584954, 59.82328082981175, 52.99255247122545, 47.04932735426009, 41.55, 36.66898631408026, 32.45891536565325, 28.84073870908758, 25.69303694017653, 22.945577233387123, 20.536469344608882, 18.504135203164328, 16.781923624028888, 16.781923624028888)

***** Re = 1000000, Mach = 0.0, nCrit = 9 *****
alpha: (-6.068, -5.568, -5.068, -4.568, -4.068, -3.568, -3.068, -2.568, -2.068, -1.568, -1.068, -0.568, 0.432, 0.932, 1.432, 1.932, 2.432, 2.932, 3.432, 3.932, 4.432, 4.932, 5.432, 5.932, 6.432, 6.932, 7.432, 7.932, 8.432, 8.932, 9.432, 10.432, 10.932, 11.432, 11.932, 12.432, 12.932, 13.432, 13.932, 14.432, 14.932, 15.432, 15.932, 16.432, 16.932, 16.932)
CL: (-0.1148, -0.0578, 0.0, 0.0587, 0.1174, 0.1758, 0.2341, 0.2923, 0.3505, 0.4086, 0.4667, 0.5248, 0.6403, 0.6978, 0.7556, 0.8128, 0.8697, 0.9269, 0.9831, 1.0395, 1.0954, 1.1504, 1.2053, 1.2595, 1.3128, 1.3643, 1.4026, 1.4484, 1.4784, 1.4993, 1.5159, 1.551, 1.5676, 1.5835, 1.5951, 1.6064, 1.6153, 1.6211, 1.6237, 1.6225, 1.6184, 1.6119, 1.6026, 1.5965, 1.5837, 1.5837)
CD: (0.00951, 0.00909, 0.00853, 0.00771, 0.00729, 0.00725, 0.00728, 0.00735, 0.00742, 0.0075, 0.00758, 0.00765, 0.00784, 0.00795, 0.00804, 0.00817, 0.0083, 0.00841, 0.00858, 0.00871, 0.00885, 0.00901, 0.00918, 0.00937, 0.0096, 0.00978, 0.00995, 0.01069, 0.01234, 0.01424, 0.01596, 0.01959, 0.02166, 0.02403, 0.02703, 0.03045, 0.0344, 0.03894, 0.04402, 0.04966, 0.05582, 0.06248, 0.06968, 0.0767, 0.08475, 0.08475)
CDp: (0.00346, 0.00305, 0.00263, 0.00218, 0.00198, 0.0019, 0.00187, 0.00184, 0.00183, 0.00186, 0.00189, 0.00192, 0.00206, 0.00215, 0.00226, 0.0024, 0.00256, 0.00274, 0.00295, 0.00316, 0.00338, 0.00362, 0.0039, 0.00422, 0.00456, 0.00495, 0.00531, 0.0059, 0.00709, 0.00855, 0.01001, 0.01336, 0.0154, 0.01778, 0.0208, 0.02429, 0.02833, 0.03296, 0.03814, 0.04391, 0.0502, 0.057, 0.06434, 0.07153, 0.07975, 0.07975)
CM: (-0.1266, -0.1274, -0.1285, -0.13, -0.1312, -0.1319, -0.1325, -0.133, -0.1336, -0.1342, -0.1348, -0.1354, -0.1365, -0.137, -0.1375, -0.138, -0.1385, -0.139, -0.1393, -0.1396, -0.1399, -0.14, -0.1402, -0.1401, -0.14, -0.1394, -0.1359, -0.1345, -0.1304, -0.1247, -0.1182, -0.1069, -0.102, -0.0976, -0.0936, -0.0905, -0.088, -0.0859, -0.0841, -0.0826, -0.0814, -0.0806, -0.0802, -0.0801, -0.0804, -0.0804)
Top_Xtr: (0.7291, 0.7069, 0.6867, 0.6679, 0.6495, 0.6327, 0.6165, 0.6019, 0.5884, 0.5762, 0.5647, 0.5543, 0.5354, 0.5264, 0.5183, 0.5104, 0.5026, 0.4952, 0.4877, 0.479, 0.4683, 0.4549, 0.4429, 0.4302, 0.4159, 0.3962, 0.3708, 0.3289, 0.2442, 0.171, 0.1222, 0.0652, 0.0497, 0.0381, 0.0292, 0.0231, 0.0186, 0.0148, 0.0117, 0.0091, 0.007, 0.0056, 0.0045, 0.0039, 0.0034, 0.0034)
Bot_Xtr: (0.0501, 0.0812, 0.1422, 0.2683, 0.3716, 0.4091, 0.4351, 0.4515, 0.4653, 0.4827, 0.4951, 0.5043, 0.5228, 0.5324, 0.5429, 0.5542, 0.5667, 0.5807, 0.597, 0.6156, 0.6375, 0.6633, 0.6938, 0.7316, 0.7712, 0.8276, 1.0, 1.0, 1.0, 1.0, 1.0, 1.0, 1.0, 1.0, 1.0, 1.0, 1.0, 1.0, 1.0, 1.0, 1.0, 1.0, 1.0, 1.0, 1.0, 1.0)
CL/CD: (-12.07150368033649, -6.358635863586358, 0.0, 7.61348897535668, 16.1042524005487, 24.248275862068965, 32.15659340659341, 39.7687074829932, 47.237196765498645, 54.480000000000004, 61.56992084432718, 68.6013071895425, 81.67091836734694, 87.77358490566037, 93.98009950248756, 99.4859241126071, 104.78313253012048, 110.21403091557667, 114.58041958041957, 119.34557979334099, 123.77401129943502, 127.6803551609323, 131.2962962962963, 134.41835645677696, 136.75, 139.49897750511246, 140.96482412060303, 135.4911131898971, 119.80551053484602, 105.28792134831461, 94.9812030075188, 79.17304747320061, 72.37303785780242, 65.89679567207656, 59.01220865704773, 52.75533661740558, 46.956395348837205, 41.63071391884951, 36.885506587914584, 32.672170761176, 28.99319240415622, 25.798655569782333, 22.999425947187138, 20.814863102998697, 18.686725663716814, 18.686725663716814)

***** Re = 4000000, Mach = 0.0, nCrit = 9 *****
alpha: (-6.156, -5.656, -5.156, -4.656, -4.156, -3.656, -3.156, -2.656, -2.156, -1.656, -1.156, -0.656, -0.156, 0.344, 0.844, 1.344, 1.844, 2.344, 2.844, 3.344, 3.844, 4.344, 4.844, 5.344, 5.844, 6.344, 6.844, 7.344, 7.844, 8.344, 8.844, 9.344, 11.344, 11.844, 12.344, 12.844, 13.344, 13.844, 14.344, 14.844, 15.344, 15.844, 16.344, 16.844, 17.344, 17.844, 18.344, 18.844, 18.844)
CL: (-0.1181, -0.0591, 0.0, 0.0596, 0.1194, 0.1796, 0.24, 0.2999, 0.3595, 0.4189, 0.4781, 0.5374, 0.5965, 0.6552, 0.7141, 0.7726, 0.8311, 0.8893, 0.9469, 1.0042, 1.061, 1.1175, 1.1732, 1.2283, 1.2809, 1.3275, 1.3708, 1.4106, 1.4513, 1.4925, 1.5326, 1.5702, 1.6775, 1.7001, 1.7199, 1.7374, 1.7514, 1.7648, 1.7736, 1.7834, 1.7897, 1.7899, 1.787, 1.785, 1.7822, 1.7773, 1.7707, 1.7626, 1.7626)
CD: (0.00762, 0.00736, 0.00713, 0.00685, 0.00653, 0.00612, 0.00572, 0.00558, 0.00552, 0.00553, 0.00557, 0.00559, 0.00564, 0.00572, 0.00576, 0.00585, 0.00592, 0.00601, 0.00613, 0.00627, 0.00643, 0.00661, 0.00683, 0.00708, 0.00749, 0.00831, 0.00932, 0.01048, 0.01148, 0.01234, 0.01317, 0.01398, 0.01798, 0.01953, 0.02142, 0.02369, 0.02649, 0.02969, 0.03355, 0.03759, 0.04215, 0.04746, 0.05334, 0.05924, 0.06544, 0.07199, 0.07888, 0.08607, 0.08607)
CDp: (0.00235, 0.00209, 0.00186, 0.00165, 0.00145, 0.00126, 0.00111, 0.00105, 0.00104, 0.00105, 0.00107, 0.0011, 0.00114, 0.0012, 0.00126, 0.00133, 0.00141, 0.00151, 0.00162, 0.00174, 0.00189, 0.00206, 0.00226, 0.00249, 0.00281, 0.00338, 0.0041, 0.00496, 0.00576, 0.00655, 0.00733, 0.00814, 0.01244, 0.01402, 0.01594, 0.01826, 0.02113, 0.0244, 0.02836, 0.03249, 0.03715, 0.04258, 0.04858, 0.05461, 0.06091, 0.06758, 0.07461, 0.08191, 0.08191)
CM: (-0.1287, -0.1297, -0.1307, -0.1318, -0.133, -0.1344, -0.1359, -0.137, -0.1379, -0.1388, -0.1396, -0.1405, -0.1413, -0.142, -0.1428, -0.1435, -0.1442, -0.1449, -0.1455, -0.146, -0.1464, -0.1468, -0.1471, -0.1473, -0.147, -0.1457, -0.1438, -0.1413, -0.1389, -0.1366, -0.1342, -0.1313, -0.1126, -0.1081, -0.1038, -0.0998, -0.0961, -0.0931, -0.0905, -0.0885, -0.0867, -0.0851, -0.0838, -0.0828, -0.0823, -0.082, -0.082, -0.0823, -0.0823)
Top_Xtr: (0.6171, 0.6011, 0.5861, 0.5728, 0.5602, 0.5486, 0.5372, 0.5274, 0.518, 0.5094, 0.5004, 0.493, 0.4857, 0.4777, 0.4717, 0.4643, 0.4581, 0.4492, 0.4384, 0.4257, 0.4112, 0.3973, 0.3812, 0.3616, 0.3306, 0.2693, 0.2043, 0.1376, 0.0929, 0.0643, 0.0455, 0.0325, 0.0093, 0.0066, 0.0046, 0.0031, 0.002, 0.0015, 0.0011, 0.001, 0.0009, 0.0007, 0.0006, 0.0006, 0.0006, 0.0006, 0.0005, 0.0005, 0.0005)
Bot_Xtr: (0.0216, 0.0335, 0.0494, 0.0805, 0.1301, 0.2128, 0.3119, 0.3604, 0.3931, 0.4109, 0.4253, 0.4423, 0.4553, 0.4638, 0.4725, 0.4802, 0.4879, 0.4972, 0.5066, 0.5167, 0.5276, 0.5402, 0.5545, 0.5708, 0.5885, 0.6086, 0.6316, 0.6571, 0.6877, 0.7276, 0.7655, 0.8003, 1.0, 1.0, 1.0, 1.0, 1.0, 1.0, 1.0, 1.0, 1.0, 1.0, 1.0, 1.0, 1.0, 1.0, 1.0, 1.0, 1.0)
CL/CD: (-15.498687664041995, -8.029891304347826, 0.0, 8.700729927007298, 18.284839203675347, 29.346405228758172, 41.95804195804195, 53.74551971326165, 65.1268115942029, 75.750452079566, 85.83482944344703, 96.13595706618962, 105.76241134751774, 114.54545454545455, 123.97569444444443, 132.06837606837607, 140.38851351351352, 147.97004991680532, 154.46982055464926, 160.15948963317382, 165.0077760497667, 169.06202723146745, 171.77159590043925, 173.48870056497174, 171.0146862483311, 159.74729241877256, 147.08154506437768, 134.59923664122138, 126.4198606271777, 120.9481361426256, 116.3705391040243, 112.31759656652362, 93.29810901001113, 87.05069124423963, 80.29411764705881, 73.33896158716759, 66.11551528878823, 59.440889188278874, 52.864381520119224, 47.443469007714825, 42.46026097271649, 37.71386430678466, 33.50206224221972, 30.13166779203241, 27.234107579462105, 24.688151132101684, 22.448022312373222, 20.478680144068782, 20.478680144068782)

***** Re = 7000000, Mach = 0.0, nCrit = 9 *****
alpha: (-6.188, -5.688, -5.188, -4.688, -4.188, -3.688, -3.188, -2.688, -2.188, -1.688, -1.188, -0.688, -0.188, 0.312, 0.812, 1.312, 1.812, 2.312, 2.812, 3.312, 3.812, 4.312, 4.812, 5.312, 5.812, 6.312, 6.812, 7.312, 7.812, 8.312, 8.812, 9.312, 9.812, 10.312, 11.312, 11.812, 12.312, 12.812, 13.312, 13.812, 14.312, 14.812, 15.312, 15.812, 16.312, 16.812, 17.312, 17.812, 18.312, 18.812, 18.812)
CL: (-0.119, -0.0596, -0.0, 0.0597, 0.1197, 0.1799, 0.2403, 0.3008, 0.3612, 0.4211, 0.4806, 0.5403, 0.5995, 0.659, 0.7179, 0.7768, 0.8352, 0.8934, 0.9509, 1.0079, 1.0649, 1.1209, 1.176, 1.2287, 1.2749, 1.3228, 1.368, 1.4128, 1.458, 1.5025, 1.546, 1.5874, 1.6262, 1.6554, 1.7109, 1.7363, 1.7589, 1.7795, 1.799, 1.8159, 1.8325, 1.8458, 1.8557, 1.8626, 1.8648, 1.8601, 1.8589, 1.8562, 1.8507, 1.8441, 1.8441)
CD: (0.00711, 0.00687, 0.00665, 0.00645, 0.00619, 0.00593, 0.00563, 0.00535, 0.00516, 0.0051, 0.00511, 0.00511, 0.00515, 0.00517, 0.00524, 0.0053, 0.0054, 0.00551, 0.00565, 0.00583, 0.00599, 0.00623, 0.00651, 0.00695, 0.00786, 0.00859, 0.00945, 0.01028, 0.01101, 0.0117, 0.01238, 0.01309, 0.01379, 0.01457, 0.01627, 0.01752, 0.01902, 0.02079, 0.02284, 0.02532, 0.02811, 0.03141, 0.03528, 0.03963, 0.04462, 0.0505, 0.05619, 0.0622, 0.06867, 0.07542, 0.07542)
CDp: (0.00212, 0.00188, 0.00168, 0.00151, 0.00134, 0.0012, 0.00107, 0.00097, 0.00092, 0.00091, 0.00093, 0.00095, 0.00099, 0.00103, 0.00109, 0.00115, 0.00123, 0.00132, 0.00143, 0.00156, 0.0017, 0.00189, 0.0021, 0.00242, 0.00299, 0.00351, 0.00414, 0.00478, 0.0054, 0.00603, 0.00669, 0.00741, 0.00815, 0.00896, 0.01105, 0.01231, 0.01384, 0.01566, 0.01776, 0.02031, 0.02316, 0.02653, 0.03049, 0.03492, 0.04, 0.04602, 0.0518, 0.05792, 0.06449, 0.07134, 0.07134)
CM: (-0.1296, -0.1307, -0.1317, -0.1327, -0.1339, -0.1351, -0.1365, -0.1378, -0.139, -0.1401, -0.141, -0.1419, -0.1428, -0.1436, -0.1444, -0.1452, -0.1459, -0.1466, -0.1472, -0.1477, -0.1481, -0.1485, -0.1486, -0.1484, -0.1469, -0.1458, -0.1442, -0.1425, -0.1409, -0.1392, -0.1374, -0.1351, -0.1324, -0.1278, -0.1187, -0.1142, -0.1097, -0.1053, -0.1015, -0.0979, -0.095, -0.0924, -0.0901, -0.0881, -0.0864, -0.0848, -0.0837, -0.0829, -0.0824, -0.0822, -0.0822)
Top_Xtr: (0.5779, 0.5643, 0.552, 0.5411, 0.5305, 0.5209, 0.5113, 0.5016, 0.4945, 0.4869, 0.4791, 0.473, 0.4649, 0.4599, 0.4522, 0.4456, 0.4347, 0.424, 0.409, 0.3926, 0.3785, 0.3591, 0.336, 0.2997, 0.2274, 0.1782, 0.1251, 0.0843, 0.0578, 0.04, 0.0278, 0.0191, 0.0138, 0.0094, 0.0043, 0.0028, 0.0017, 0.001, 0.0008, 0.0006, 0.0006, 0.0005, 0.0005, 0.0004, 0.0004, 0.0003, 0.0003, 0.0003, 0.0003, 0.0003, 0.0003)
Bot_Xtr: (0.0137, 0.0225, 0.0351, 0.0527, 0.087, 0.1355, 0.2049, 0.2829, 0.3432, 0.3764, 0.3958, 0.4124, 0.4301, 0.4434, 0.4526, 0.4611, 0.4684, 0.4753, 0.4842, 0.4924, 0.5008, 0.5118, 0.5231, 0.5354, 0.5488, 0.5636, 0.5814, 0.6002, 0.6232, 0.6483, 0.6775, 0.7158, 0.7572, 0.7841, 1.0, 1.0, 1.0, 1.0, 1.0, 1.0, 1.0, 1.0, 1.0, 1.0, 1.0, 1.0, 1.0, 1.0, 1.0, 1.0, 1.0)
CL/CD: (-16.736990154711673, -8.675400291120814, -0.0, 9.255813953488373, 19.33764135702746, 30.337268128161888, 42.68206039076377, 56.22429906542057, 70.00000000000001, 82.56862745098039, 94.0508806262231, 105.73385518590999, 116.40776699029126, 127.4661508704062, 137.00381679389312, 146.56603773584905, 154.66666666666666, 162.14156079854808, 168.30088495575222, 172.88164665523155, 177.779632721202, 179.91974317817014, 180.64516129032256, 176.79136690647482, 162.20101781170482, 153.99301513387658, 144.76190476190476, 137.43190661478602, 132.425068119891, 128.4188034188034, 124.87883683360259, 121.2681436210848, 117.92603335750545, 113.61702127659575, 105.15673017824217, 99.10388127853881, 92.47634069400631, 85.5940355940356, 78.76532399299475, 71.718009478673, 65.1903237282106, 58.76472460999682, 52.59920634920635, 46.999747665909666, 41.79291797400269, 36.83366336633663, 33.08239900338138, 29.84244372990354, 26.950633464394933, 24.451073985680193, 24.451073985680193)

***** Re = 10000000, Mach = 0.0, nCrit = 9 *****
alpha: (-6.206, -5.706, -5.206, -4.706, -4.206, -3.206, -2.706, -2.206, -1.706, -1.206, -0.706, -0.206, 0.294, 0.794, 1.294, 1.794, 2.294, 2.794, 3.294, 3.794, 4.294, 4.794, 6.294, 6.794, 7.294, 7.794, 8.294, 8.794, 9.294, 9.794, 10.294, 10.794, 11.294, 12.294, 12.794, 13.294, 13.794, 14.294, 14.794, 15.294, 15.794, 16.294, 16.794, 17.294, 17.794, 18.294, 18.794, 19.294, 19.794, 19.794)
CL: (-0.1195, -0.0598, -0.0, 0.0599, 0.1199, 0.2406, 0.301, 0.3616, 0.422, 0.4818, 0.5416, 0.6011, 0.6607, 0.7197, 0.7784, 0.8368, 0.8949, 0.9522, 1.0094, 1.0658, 1.1219, 1.1745, 1.3223, 1.3685, 1.4165, 1.4628, 1.509, 1.5539, 1.5979, 1.6387, 1.6747, 1.7026, 1.7321, 1.7833, 1.807, 1.8298, 1.8494, 1.8666, 1.8795, 1.8924, 1.9032, 1.9104, 1.9152, 1.9162, 1.9147, 1.9107, 1.9051, 1.8974, 1.8874, 1.8874)
CD: (0.0068, 0.00659, 0.00637, 0.00619, 0.00597, 0.00551, 0.00529, 0.00506, 0.00491, 0.00489, 0.00488, 0.0049, 0.00492, 0.00497, 0.00506, 0.00516, 0.00529, 0.00546, 0.00564, 0.00585, 0.00608, 0.00657, 0.00859, 0.00939, 0.01, 0.01067, 0.01128, 0.01191, 0.01251, 0.0132, 0.01391, 0.0147, 0.01562, 0.01769, 0.01913, 0.02079, 0.02284, 0.02529, 0.02837, 0.03169, 0.03548, 0.03977, 0.04444, 0.04966, 0.05531, 0.0614, 0.06778, 0.07457, 0.0817, 0.0817)
CDp: (0.00199, 0.00178, 0.00158, 0.00143, 0.00128, 0.00105, 0.00096, 0.00089, 0.00086, 0.00087, 0.00089, 0.00092, 0.00096, 0.00102, 0.00108, 0.00116, 0.00125, 0.00137, 0.0015, 0.00166, 0.00184, 0.00215, 0.00352, 0.0041, 0.00461, 0.00517, 0.00574, 0.00634, 0.00696, 0.00766, 0.00843, 0.00927, 0.01025, 0.01271, 0.01419, 0.01589, 0.01798, 0.02049, 0.02364, 0.02703, 0.03088, 0.03525, 0.04, 0.04531, 0.05105, 0.05724, 0.06372, 0.0706, 0.07784, 0.07784)
CM: (-0.1302, -0.1312, -0.1323, -0.1333, -0.1345, -0.1369, -0.1382, -0.1395, -0.1407, -0.1417, -0.1426, -0.1436, -0.1445, -0.1453, -0.1461, -0.1468, -0.1474, -0.148, -0.1485, -0.1489, -0.1492, -0.1489, -0.1462, -0.1448, -0.1437, -0.1422, -0.1408, -0.1392, -0.1374, -0.1351, -0.1318, -0.127, -0.1228, -0.1137, -0.1094, -0.1055, -0.1017, -0.0982, -0.095, -0.0924, -0.0903, -0.0883, -0.0867, -0.0852, -0.0841, -0.0832, -0.0827, -0.0824, -0.0825, -0.0825)
Top_Xtr: (0.5553, 0.5439, 0.5331, 0.5227, 0.5125, 0.496, 0.4876, 0.4804, 0.474, 0.466, 0.461, 0.4528, 0.4481, 0.4395, 0.4279, 0.4164, 0.403, 0.3856, 0.3692, 0.3496, 0.3291, 0.2866, 0.1354, 0.0899, 0.0639, 0.0418, 0.0286, 0.0198, 0.0141, 0.0091, 0.0058, 0.0038, 0.0023, 0.0009, 0.0006, 0.0005, 0.0005, 0.0004, 0.0003, 0.0003, 0.0003, 0.0003, 0.0002, 0.0002, 0.0002, 0.0002, 0.0002, 0.0002, 0.0002, 0.0002)
Bot_Xtr: (0.0105, 0.0168, 0.0283, 0.0417, 0.0695, 0.1596, 0.2205, 0.2921, 0.3466, 0.3713, 0.3892, 0.4113, 0.4258, 0.4386, 0.449, 0.4565, 0.4629, 0.4713, 0.4778, 0.4868, 0.4961, 0.5053, 0.5396, 0.5549, 0.5717, 0.5884, 0.6107, 0.6342, 0.6614, 0.6933, 0.737, 0.7681, 0.797, 1.0, 1.0, 1.0, 1.0, 1.0, 1.0, 1.0, 1.0, 1.0, 1.0, 1.0, 1.0, 1.0, 1.0, 1.0, 1.0, 1.0)
CL/CD: (-17.573529411764707, -9.074355083459787, -0.0, 9.676898222940226, 20.083752093802346, 43.66606170598911, 56.899810964083166, 71.46245059288536, 85.94704684317718, 98.52760736196319, 110.98360655737704, 122.6734693877551, 134.28861788617886, 144.80885311871228, 153.83399209486166, 162.17054263565893, 169.16824196597352, 174.3956043956044, 178.97163120567376, 182.1880341880342, 184.52302631578945, 178.76712328767124, 153.9348079161816, 145.74014909478169, 141.65, 137.0946579194002, 133.77659574468083, 130.4701931150294, 127.72981614708235, 124.1439393939394, 120.39539899352984, 115.82312925170068, 110.8898847631242, 100.80836630864896, 94.45896497647674, 88.01346801346801, 80.97197898423818, 73.80782918149467, 66.24955939372576, 59.71599873777217, 53.641488162344984, 48.03620819713352, 43.0963096309631, 38.58638743455497, 34.61760983547279, 31.118892508143322, 28.10711124225435, 25.444548746144562, 23.101591187270504, 23.101591187270504)

***** Re = 90000, Mach = 0.0, nCrit = 9 *****
alpha: (-4.982, -4.482, -3.982, -3.482, -2.982, -2.482, -1.982, -1.482, -0.982, -0.482, 0.018, 0.518, 1.018, 1.518, 2.018, 2.518, 3.018, 3.518, 4.018, 4.518, 5.018, 5.518, 6.018, 6.518, 7.518, 8.018, 9.018, 9.518, 10.018, 10.518, 11.018, 11.518, 12.018, 12.518, 13.018, 13.018)
CL: (-0.1487, -0.0714, 0.0004, 0.0679, 0.1351, 0.1942, 0.2612, 0.3176, 0.3747, 0.4346, 0.4906, 0.5432, 0.5915, 0.6403, 0.6868, 0.7321, 0.7717, 0.824, 0.8912, 0.9435, 0.9879, 1.0293, 1.0718, 1.108, 1.1656, 1.2726, 1.3886, 1.4472, 1.5023, 1.5103, 1.4936, 1.4686, 1.4354, 1.4071, 1.3904, 1.3904)
CD: (0.02254, 0.02384, 0.02435, 0.02447, 0.02434, 0.02407, 0.02355, 0.02337, 0.02328, 0.02323, 0.02329, 0.02365, 0.0241, 0.02463, 0.02524, 0.02587, 0.02638, 0.0273, 0.02901, 0.03096, 0.03308, 0.03522, 0.03712, 0.03927, 0.04378, 0.03937, 0.03681, 0.0348, 0.03242, 0.03225, 0.03382, 0.03744, 0.04372, 0.05093, 0.05756, 0.05756)
CDp: (0.01606, 0.01717, 0.01745, 0.01738, 0.01707, 0.01657, 0.01576, 0.0154, 0.01514, 0.0149, 0.01487, 0.01517, 0.01564, 0.01621, 0.0169, 0.01763, 0.0183, 0.01943, 0.02114, 0.02313, 0.02533, 0.02759, 0.02963, 0.03196, 0.03689, 0.03264, 0.03056, 0.02877, 0.02652, 0.02658, 0.02834, 0.03181, 0.03762, 0.04441, 0.05073, 0.05073)
CM: (-0.1078, -0.1091, -0.1099, -0.1102, -0.1103, -0.1106, -0.1131, -0.1134, -0.1143, -0.1158, -0.1163, -0.1167, -0.1161, -0.1156, -0.1146, -0.1132, -0.1104, -0.1117, -0.1174, -0.1194, -0.1196, -0.1189, -0.1181, -0.1163, -0.1105, -0.1136, -0.1107, -0.1089, -0.1063, -0.0978, -0.0872, -0.0785, -0.0722, -0.0679, -0.0647, -0.0647)
Top_Xtr: (0.9096, 0.8937, 0.8772, 0.8602, 0.8449, 0.8257, 0.8092, 0.7917, 0.775, 0.7602, 0.7464, 0.7321, 0.7185, 0.7058, 0.6939, 0.6828, 0.6722, 0.6603, 0.6484, 0.6365, 0.6244, 0.612, 0.5994, 0.5854, 0.5523, 0.5385, 0.4971, 0.4716, 0.4404, 0.4043, 0.3611, 0.3026, 0.2445, 0.1998, 0.1647, 0.1647)
Bot_Xtr: (0.4366, 0.517, 0.5642, 0.6004, 0.6312, 0.6552, 0.6762, 0.6923, 0.7091, 0.7262, 0.7427, 0.7613, 0.7801, 0.8017, 0.8265, 0.8575, 0.9004, 1.0, 1.0, 1.0, 1.0, 1.0, 1.0, 1.0, 1.0, 1.0, 1.0, 1.0, 1.0, 1.0, 1.0, 1.0, 1.0, 1.0, 1.0, 1.0)
CL/CD: (-6.597160603371783, -2.9949664429530203, 0.01642710472279261, 2.7748263179403354, 5.550534100246508, 8.068134607395098, 11.091295116772823, 13.590072742832692, 16.09536082474227, 18.708566508824795, 21.064834693001284, 22.968287526427062, 24.543568464730292, 25.996751928542427, 27.210776545166404, 28.29918824893699, 29.25322213798332, 30.18315018315018, 30.720441227163047, 30.474806201550386, 29.863966142684404, 29.224872231686543, 28.873922413793107, 28.214922332569394, 26.624029237094565, 32.32410464820929, 37.72344471610975, 41.58620689655173, 46.33867982726712, 46.83100775193798, 44.1632170313424, 39.225427350427346, 32.831655992680695, 27.6281170233654, 24.155663655316193, 24.155663655316193)
