mrc-16

***** Re = 1000000, Mach = 0.0, nCrit = 9 *****
alpha: (-4.184, -3.684, -3.184, -2.684, -2.184, -1.684, -1.184, -0.684, -0.184, 0.816, 1.316, 1.816, 2.316, 2.816, 3.316, 3.816, 4.316, 4.816, 5.316, 5.816, 6.316, 6.816, 7.316, 7.816, 8.316, 8.816, 9.316, 9.816, 10.316, 10.816, 11.316, 11.816, 12.316, 12.816, 13.316, 13.816, 14.316, 14.816, 15.316, 15.816, 16.316, 16.816, 17.316, 17.816, 18.316, 18.816, 18.816)
CL: (-0.1105, -0.0552, 0.0, 0.0542, 0.1074, 0.1607, 0.2145, 0.2692, 0.3243, 0.4313, 0.4838, 0.5377, 0.5984, 0.6674, 0.741, 0.8136, 0.8754, 0.9197, 0.9643, 1.0093, 1.055, 1.1009, 1.1469, 1.191, 1.2328, 1.2721, 1.3075, 1.3357, 1.3619, 1.386, 1.4085, 1.4292, 1.448, 1.4648, 1.48, 1.4925, 1.5031, 1.5113, 1.5137, 1.5146, 1.5145, 1.5051, 1.4923, 1.4821, 1.4672, 1.449, 1.449)
CD: (0.00896, 0.00861, 0.00821, 0.00768, 0.00702, 0.00644, 0.00601, 0.00583, 0.00576, 0.00574, 0.00585, 0.00601, 0.00621, 0.00647, 0.00673, 0.00701, 0.00728, 0.00755, 0.00786, 0.00823, 0.00865, 0.00916, 0.00972, 0.01041, 0.01122, 0.01212, 0.01313, 0.01425, 0.0156, 0.01717, 0.01895, 0.02097, 0.02326, 0.02587, 0.02877, 0.03208, 0.03573, 0.03983, 0.04477, 0.05017, 0.05596, 0.06315, 0.07111, 0.07902, 0.08781, 0.09735, 0.09735)
CDp: (0.00277, 0.00242, 0.00212, 0.00187, 0.00166, 0.00153, 0.00149, 0.0015, 0.0015, 0.00166, 0.00176, 0.00187, 0.002, 0.00216, 0.00233, 0.00251, 0.00271, 0.0029, 0.00314, 0.00342, 0.00376, 0.00416, 0.00462, 0.00517, 0.00582, 0.00656, 0.00742, 0.0084, 0.00961, 0.01107, 0.01276, 0.01474, 0.01703, 0.01966, 0.02263, 0.02602, 0.02979, 0.03403, 0.03911, 0.04468, 0.05064, 0.05799, 0.06615, 0.07426, 0.08325, 0.09298, 0.09298)
CM: (-0.0674, -0.0674, -0.0675, -0.0675, -0.0675, -0.0674, -0.0672, -0.067, -0.0669, -0.0656, -0.0647, -0.0641, -0.0652, -0.0684, -0.0727, -0.0769, -0.0787, -0.0767, -0.0747, -0.0729, -0.0713, -0.0698, -0.0684, -0.0668, -0.0648, -0.0625, -0.0595, -0.0553, -0.0512, -0.0471, -0.0433, -0.0397, -0.0363, -0.0333, -0.0306, -0.0282, -0.0261, -0.0245, -0.0232, -0.0225, -0.0223, -0.0226, -0.0235, -0.0249, -0.0268, -0.0294, -0.0294)
Top_Xtr: (0.7702, 0.7542, 0.7382, 0.7225, 0.7073, 0.6922, 0.6764, 0.66, 0.6432, 0.608, 0.5898, 0.5705, 0.5507, 0.5297, 0.5072, 0.4839, 0.4602, 0.4377, 0.4142, 0.3892, 0.3625, 0.3338, 0.3022, 0.2678, 0.2313, 0.196, 0.1618, 0.1308, 0.1023, 0.0771, 0.057, 0.0416, 0.0308, 0.0236, 0.019, 0.016, 0.014, 0.0126, 0.0114, 0.0106, 0.0099, 0.0094, 0.0089, 0.0086, 0.0082, 0.008, 0.008)
Bot_Xtr: (0.0412, 0.0578, 0.0965, 0.1857, 0.3383, 0.4997, 0.6387, 0.7297, 0.788, 0.8985, 0.9337, 0.9602, 0.9782, 0.9877, 0.9929, 0.9975, 1.0, 1.0, 1.0, 1.0, 1.0, 1.0, 1.0, 1.0, 1.0, 1.0, 1.0, 1.0, 1.0, 1.0, 1.0, 1.0, 1.0, 1.0, 1.0, 1.0, 1.0, 1.0, 1.0, 1.0, 1.0, 1.0, 1.0, 1.0, 1.0, 1.0, 1.0)
CL/CD: (-12.332589285714286, -6.411149825783973, 0.0, 7.057291666666666, 15.299145299145298, 24.953416149068325, 35.69051580698835, 46.17495711835334, 56.30208333333333, 75.13937282229965, 82.7008547008547, 89.4675540765391, 96.36070853462158, 103.15301391035548, 110.10401188707282, 116.06276747503567, 120.24725274725274, 121.81456953642383, 122.68447837150127, 122.63669501822602, 121.96531791907515, 120.18558951965066, 117.99382716049384, 114.4092219020173, 109.87522281639927, 104.95874587458745, 99.58111195734959, 93.73333333333333, 87.30128205128206, 80.72218986604541, 74.32717678100263, 68.15450643776825, 62.25279449699054, 56.62156938538848, 51.44247480013903, 46.52431421446384, 42.06828995242094, 37.94376098418278, 33.81058744695109, 30.189356188957543, 27.06397426733381, 23.833729216152022, 20.9857966530727, 18.756011136421158, 16.708803097597084, 14.884437596302003, 14.884437596302003)

***** Re = 4000000, Mach = 0.0, nCrit = 9 *****
alpha: (-4.144, -3.644, -2.644, -2.144, -1.644, -1.144, -0.644, -0.144, 0.356, 0.856, 1.356, 1.856, 2.356, 2.856, 3.356, 3.856, 4.356, 4.856, 5.356, 5.856, 6.356, 6.856, 7.856, 8.356, 8.856, 9.356, 9.856, 10.356, 11.356, 11.856, 12.356, 12.856, 13.356, 13.856, 14.356, 14.856, 15.356, 15.856, 16.356, 16.856, 17.356, 17.856, 18.356, 18.856, 19.356, 19.856, 20.356, 20.856, 20.856)
CL: (-0.1148, -0.0574, 0.0575, 0.1146, 0.1713, 0.2277, 0.284, 0.3405, 0.3968, 0.4534, 0.5103, 0.5674, 0.6242, 0.6795, 0.7345, 0.7886, 0.8414, 0.8928, 0.9495, 1.0108, 1.073, 1.1213, 1.2121, 1.2571, 1.3008, 1.3418, 1.382, 1.4166, 1.4804, 1.5118, 1.5424, 1.571, 1.5981, 1.6239, 1.6455, 1.6676, 1.6855, 1.6984, 1.7118, 1.7228, 1.7299, 1.7321, 1.7283, 1.7235, 1.7177, 1.7077, 1.6939, 1.6766, 1.6766)
CD: (0.00683, 0.00665, 0.00632, 0.00611, 0.00585, 0.00554, 0.00527, 0.00504, 0.00487, 0.00475, 0.00477, 0.00487, 0.00496, 0.00503, 0.00517, 0.00535, 0.00557, 0.00585, 0.0062, 0.00661, 0.00712, 0.00765, 0.00892, 0.00964, 0.01041, 0.01127, 0.0121, 0.01297, 0.0149, 0.01601, 0.01723, 0.01864, 0.02022, 0.02198, 0.02413, 0.02637, 0.02903, 0.03225, 0.03564, 0.03942, 0.04379, 0.04884, 0.05481, 0.0611, 0.06774, 0.07507, 0.0831, 0.09179, 0.09179)
CDp: (0.00167, 0.00149, 0.0012, 0.00109, 0.00099, 0.00091, 0.00088, 0.00087, 0.0009, 0.00095, 0.00104, 0.00112, 0.00122, 0.00136, 0.00152, 0.00169, 0.00187, 0.00208, 0.00232, 0.0026, 0.00295, 0.00332, 0.00425, 0.0048, 0.00542, 0.00615, 0.00687, 0.00767, 0.00954, 0.01065, 0.01189, 0.01332, 0.01494, 0.01674, 0.01895, 0.02125, 0.02398, 0.02728, 0.03076, 0.03464, 0.0391, 0.04426, 0.05035, 0.05677, 0.06355, 0.07102, 0.07919, 0.08803, 0.08803)
CM: (-0.0656, -0.066, -0.067, -0.0674, -0.0678, -0.0683, -0.0687, -0.0692, -0.0696, -0.07, -0.0704, -0.0709, -0.0713, -0.0714, -0.0714, -0.0713, -0.0709, -0.0701, -0.0708, -0.0726, -0.0747, -0.0737, -0.0707, -0.0693, -0.0677, -0.0656, -0.0635, -0.0603, -0.0535, -0.0505, -0.0476, -0.0448, -0.0421, -0.0395, -0.0369, -0.0347, -0.0325, -0.0303, -0.0286, -0.0273, -0.0262, -0.0254, -0.025, -0.025, -0.0255, -0.0265, -0.0279, -0.0299, -0.0299)
Top_Xtr: (0.6751, 0.6595, 0.6271, 0.6098, 0.5926, 0.5755, 0.5568, 0.5383, 0.5183, 0.4997, 0.48, 0.4596, 0.4394, 0.4177, 0.3952, 0.3731, 0.3498, 0.3248, 0.2977, 0.2686, 0.2359, 0.2033, 0.1378, 0.1082, 0.0821, 0.0586, 0.0428, 0.0306, 0.0171, 0.0134, 0.0109, 0.009, 0.0077, 0.0068, 0.0059, 0.0056, 0.0051, 0.0046, 0.0044, 0.0042, 0.004, 0.0038, 0.0035, 0.0034, 0.0033, 0.0033, 0.0032, 0.0031, 0.0031)
Bot_Xtr: (0.0261, 0.0343, 0.0681, 0.1083, 0.1795, 0.2804, 0.3893, 0.4936, 0.5977, 0.687, 0.7437, 0.7767, 0.8017, 0.8622, 0.9016, 0.9315, 0.956, 0.977, 0.9904, 0.9967, 0.9993, 1.0, 1.0, 1.0, 1.0, 1.0, 1.0, 1.0, 1.0, 1.0, 1.0, 1.0, 1.0, 1.0, 1.0, 1.0, 1.0, 1.0, 1.0, 1.0, 1.0, 1.0, 1.0, 1.0, 1.0, 1.0, 1.0, 1.0, 1.0)
CL/CD: (-16.808199121522694, -8.631578947368421, 9.098101265822786, 18.756137479541735, 29.28205128205128, 41.101083032490976, 53.88994307400379, 67.55952380952381, 81.47843942505133, 95.45263157894738, 106.98113207547169, 116.50924024640656, 125.84677419354838, 135.08946322067595, 142.06963249516443, 147.4018691588785, 151.0592459605027, 152.6153846153846, 153.1451612903226, 152.9198184568835, 150.70224719101122, 146.5751633986928, 135.88565022421523, 130.40456431535273, 124.95677233429393, 119.0594498669033, 114.21487603305785, 109.22127987663839, 99.35570469798657, 94.42848219862586, 89.51828206616368, 84.28111587982832, 79.03560830860535, 73.88080072793448, 68.19312059676751, 63.238528631020095, 58.0606269376507, 52.663565891472864, 48.03030303030303, 43.70370370370371, 39.504453071477506, 35.46478296478296, 31.532567049808428, 28.20785597381342, 25.35724830233245, 22.748101771679767, 20.38387484957882, 18.265606275193377, 18.265606275193377)

***** Re = 7000000, Mach = 0.0, nCrit = 9 *****
alpha: (-4.132, -3.632, -3.132, -2.632, -2.132, -1.632, -1.132, -0.632, -0.132, 0.368, 0.868, 1.368, 1.868, 2.368, 2.868, 3.368, 3.868, 4.868, 5.368, 5.868, 6.368, 7.368, 7.868, 8.368, 8.868, 9.368, 9.868, 10.368, 10.868, 11.368, 11.868, 12.368, 12.868, 13.368, 13.868, 14.368, 14.868, 15.368, 15.868, 16.368, 16.868, 17.368, 17.868, 18.368, 18.868, 19.368, 19.868, 20.368, 20.868, 21.368, 21.868, 21.868)
CL: (-0.1158, -0.0579, 0.0, 0.0578, 0.1155, 0.1731, 0.2303, 0.2873, 0.3442, 0.4012, 0.4581, 0.5147, 0.5718, 0.6287, 0.6856, 0.7421, 0.7976, 0.9064, 0.9591, 1.0093, 1.0602, 1.1719, 1.2182, 1.2653, 1.3106, 1.3554, 1.3987, 1.4403, 1.4775, 1.511, 1.5449, 1.5778, 1.6099, 1.6397, 1.6682, 1.6935, 1.7189, 1.7404, 1.758, 1.7748, 1.79, 1.8017, 1.8094, 1.8131, 1.8122, 1.8082, 1.803, 1.7954, 1.7824, 1.7666, 1.7461, 1.7461)
CD: (0.0063, 0.00616, 0.00603, 0.00591, 0.00578, 0.00563, 0.00545, 0.00525, 0.00506, 0.00493, 0.0048, 0.00472, 0.00472, 0.00481, 0.00496, 0.00515, 0.00528, 0.00569, 0.00597, 0.00633, 0.00674, 0.0079, 0.00855, 0.00917, 0.00988, 0.01058, 0.0113, 0.01201, 0.01272, 0.01352, 0.01439, 0.01537, 0.01646, 0.01774, 0.01916, 0.02087, 0.02268, 0.02484, 0.02743, 0.03021, 0.03328, 0.03686, 0.04099, 0.0457, 0.05113, 0.05709, 0.06343, 0.07018, 0.07785, 0.08598, 0.09501, 0.09501)
CDp: (0.00146, 0.00131, 0.00118, 0.00108, 0.00098, 0.00091, 0.00085, 0.00082, 0.00081, 0.00084, 0.00088, 0.00094, 0.00103, 0.00114, 0.00126, 0.00139, 0.00155, 0.00196, 0.0022, 0.00248, 0.00277, 0.00359, 0.00407, 0.00456, 0.00514, 0.00573, 0.00638, 0.00704, 0.00772, 0.0085, 0.00938, 0.01036, 0.01147, 0.01277, 0.01422, 0.01597, 0.01782, 0.02003, 0.02267, 0.02552, 0.02866, 0.03232, 0.03652, 0.04132, 0.04686, 0.05293, 0.05939, 0.06625, 0.07405, 0.08232, 0.09148, 0.09148)
CM: (-0.0653, -0.0658, -0.0663, -0.0668, -0.0674, -0.0679, -0.0685, -0.069, -0.0695, -0.0701, -0.0706, -0.0711, -0.0716, -0.072, -0.0725, -0.073, -0.0732, -0.0733, -0.073, -0.0722, -0.0715, -0.0731, -0.0718, -0.0707, -0.0693, -0.0679, -0.0663, -0.0644, -0.0616, -0.0583, -0.0554, -0.0525, -0.0498, -0.0471, -0.0444, -0.0417, -0.0393, -0.0369, -0.0345, -0.0324, -0.0306, -0.0291, -0.0277, -0.0267, -0.026, -0.0258, -0.026, -0.0265, -0.0276, -0.0291, -0.0313, -0.0313)
Top_Xtr: (0.6329, 0.6168, 0.6007, 0.5827, 0.5657, 0.5478, 0.5294, 0.5099, 0.4912, 0.4716, 0.4526, 0.4317, 0.4123, 0.3907, 0.3691, 0.346, 0.3223, 0.2733, 0.2469, 0.2191, 0.1909, 0.1248, 0.0956, 0.0731, 0.0525, 0.0373, 0.0262, 0.019, 0.0146, 0.0115, 0.0092, 0.0077, 0.0067, 0.0057, 0.0052, 0.0045, 0.0043, 0.0039, 0.0035, 0.0033, 0.0032, 0.0031, 0.0029, 0.0027, 0.0026, 0.0024, 0.0024, 0.0024, 0.0023, 0.0023, 0.0023, 0.0023)
Bot_Xtr: (0.0221, 0.0284, 0.0366, 0.0522, 0.0757, 0.1177, 0.183, 0.2682, 0.3634, 0.45, 0.545, 0.6346, 0.6981, 0.7436, 0.7725, 0.7879, 0.8352, 0.9183, 0.9453, 0.9697, 0.989, 1.0, 1.0, 1.0, 1.0, 1.0, 1.0, 1.0, 1.0, 1.0, 1.0, 1.0, 1.0, 1.0, 1.0, 1.0, 1.0, 1.0, 1.0, 1.0, 1.0, 1.0, 1.0, 1.0, 1.0, 1.0, 1.0, 1.0, 1.0, 1.0, 1.0, 1.0)
CL/CD: (-18.38095238095238, -9.39935064935065, 0.0, 9.780033840947546, 19.982698961937714, 30.746003552397873, 42.25688073394495, 54.72380952380952, 68.02371541501977, 81.37931034482759, 95.43750000000001, 109.04661016949153, 121.14406779661016, 130.7068607068607, 138.2258064516129, 144.09708737864077, 151.06060606060606, 159.2970123022847, 160.6532663316583, 159.44707740916274, 157.29970326409494, 148.3417721518987, 142.47953216374268, 137.9825517993457, 132.65182186234819, 128.109640831758, 123.77876106194691, 119.92506244796003, 116.15566037735849, 111.76035502958578, 107.35927727588603, 102.65452179570593, 97.8068043742406, 92.42953776775649, 87.06680584551148, 81.14518447532343, 75.78924162257496, 70.06441223832527, 64.09041195771054, 58.748758689175766, 53.7860576923077, 48.8795442213782, 44.14247377409124, 39.67396061269147, 35.44298846078623, 31.672797337537222, 28.42503547217405, 25.582787118837274, 22.895311496467563, 20.54663875319842, 18.378065466792968, 18.378065466792968)

***** Re = 10000000, Mach = 0.0, nCrit = 9 *****
alpha: (-4.122, -3.622, -3.122, -2.622, -2.122, -1.622, -1.122, -0.622, -0.122, 0.378, 0.878, 1.378, 1.878, 2.378, 2.878, 3.378, 3.878, 4.378, 4.878, 5.378, 5.878, 6.378, 6.878, 7.878, 8.378, 8.878, 9.378, 9.878, 10.378, 10.878, 11.378, 11.878, 12.378, 12.878, 13.378, 13.878, 14.378, 14.878, 15.378, 15.878, 16.378, 16.878, 17.378, 17.878, 18.378, 18.878, 19.378, 19.878, 20.378, 20.878, 21.378, 21.878, 21.878)
CL: (-0.1161, -0.058, 0.0, 0.0581, 0.1161, 0.1739, 0.2315, 0.289, 0.3463, 0.4036, 0.4606, 0.5177, 0.5746, 0.6313, 0.6881, 0.7447, 0.801, 0.8568, 0.9113, 0.9651, 1.0182, 1.0688, 1.116, 1.2229, 1.2708, 1.3176, 1.3638, 1.4092, 1.4537, 1.4954, 1.5315, 1.5656, 1.5997, 1.6332, 1.6639, 1.6947, 1.7225, 1.7472, 1.772, 1.7942, 1.8126, 1.8274, 1.8385, 1.8507, 1.8597, 1.8656, 1.867, 1.8644, 1.8581, 1.8459, 1.8299, 1.8109, 1.8109)
CD: (0.00602, 0.0059, 0.00581, 0.0057, 0.0056, 0.00549, 0.00536, 0.00523, 0.00509, 0.00497, 0.00488, 0.0048, 0.00477, 0.00481, 0.00491, 0.00507, 0.00528, 0.00553, 0.00572, 0.00597, 0.00627, 0.00668, 0.00714, 0.0083, 0.00888, 0.00953, 0.01017, 0.0108, 0.01141, 0.01207, 0.01273, 0.0135, 0.01435, 0.01529, 0.01644, 0.01765, 0.0191, 0.02083, 0.02265, 0.02476, 0.02724, 0.03016, 0.03358, 0.0371, 0.04109, 0.04555, 0.05068, 0.0564, 0.06274, 0.06997, 0.0779, 0.08637, 0.08637)
CDp: (0.00135, 0.00122, 0.00112, 0.00102, 0.00094, 0.00088, 0.00083, 0.00081, 0.00081, 0.00082, 0.00086, 0.00092, 0.001, 0.0011, 0.00123, 0.00137, 0.00152, 0.00169, 0.00191, 0.00214, 0.00241, 0.00274, 0.0031, 0.00396, 0.00442, 0.00495, 0.0055, 0.00607, 0.00665, 0.00727, 0.00792, 0.00869, 0.00954, 0.0105, 0.01165, 0.01289, 0.01436, 0.01613, 0.01799, 0.02014, 0.02267, 0.02565, 0.02914, 0.03273, 0.03679, 0.04134, 0.04655, 0.05237, 0.05882, 0.06615, 0.07421, 0.0828, 0.0828)
CM: (-0.0651, -0.0656, -0.0662, -0.0668, -0.0674, -0.0679, -0.0685, -0.0691, -0.0696, -0.0702, -0.0708, -0.0714, -0.0719, -0.0724, -0.0729, -0.0733, -0.0738, -0.0741, -0.0742, -0.0742, -0.0741, -0.0734, -0.072, -0.0725, -0.0716, -0.0705, -0.0693, -0.068, -0.0666, -0.0647, -0.0617, -0.0586, -0.0557, -0.053, -0.0502, -0.0476, -0.0449, -0.0422, -0.0398, -0.0375, -0.0351, -0.0329, -0.0309, -0.0295, -0.0282, -0.0272, -0.0266, -0.0263, -0.0264, -0.0269, -0.028, -0.0295, -0.0295)
Top_Xtr: (0.6039, 0.5877, 0.5695, 0.5531, 0.5349, 0.5166, 0.4971, 0.4784, 0.4591, 0.4405, 0.4193, 0.401, 0.3797, 0.3579, 0.3369, 0.3142, 0.2907, 0.2661, 0.2398, 0.2143, 0.189, 0.1584, 0.129, 0.0746, 0.0558, 0.0393, 0.027, 0.0193, 0.0147, 0.0111, 0.009, 0.0073, 0.0063, 0.0055, 0.0047, 0.0044, 0.004, 0.0035, 0.0033, 0.0032, 0.003, 0.0027, 0.0024, 0.0024, 0.0024, 0.0023, 0.0023, 0.0022, 0.0021, 0.002, 0.0019, 0.0019, 0.0019)
Bot_Xtr: (0.0202, 0.0254, 0.0323, 0.044, 0.0628, 0.0944, 0.1442, 0.2062, 0.2871, 0.3654, 0.4524, 0.5381, 0.618, 0.68, 0.7263, 0.7614, 0.779, 0.7904, 0.8479, 0.8929, 0.9253, 0.9531, 0.9807, 1.0, 1.0, 1.0, 1.0, 1.0, 1.0, 1.0, 1.0, 1.0, 1.0, 1.0, 1.0, 1.0, 1.0, 1.0, 1.0, 1.0, 1.0, 1.0, 1.0, 1.0, 1.0, 1.0, 1.0, 1.0, 1.0, 1.0, 1.0, 1.0, 1.0)
CL/CD: (-19.285714285714285, -9.830508474576272, 0.0, 10.192982456140351, 20.732142857142858, 31.675774134790526, 43.190298507462686, 55.25812619502867, 68.03536345776031, 81.2072434607646, 94.38524590163935, 107.85416666666669, 120.46121593291404, 131.24740124740123, 140.14256619144604, 146.88362919132152, 151.70454545454547, 154.9367088607595, 159.3181818181818, 161.65829145728642, 162.39234449760764, 160.0, 156.30252100840337, 147.33734939759037, 143.1081081081081, 138.25813221406088, 134.1002949852507, 130.48148148148147, 127.40578439964943, 123.89395194697597, 120.30636292223096, 115.97037037037038, 111.4773519163763, 106.81491170699803, 101.21046228710462, 96.01699716713883, 90.18324607329843, 83.87902064330292, 78.23399558498896, 72.46365105008077, 66.54185022026432, 60.59018567639257, 54.74985110184634, 49.88409703504043, 45.25918715015818, 40.957189901207464, 36.83898973954222, 33.05673758865248, 29.615875039846987, 26.381306274117478, 23.490372272143777, 20.96677086951488, 20.96677086951488)

***** Re = 100000, Mach = 0.0, nCrit = 9 *****
alpha: (-3.213, -2.713, -2.213, -1.713, -1.213, -0.713, -0.213, 0.287, 0.787, 1.287, 1.787, 2.287, 2.787, 3.287, 3.787, 4.287, 4.787, 5.287, 5.787, 6.287, 6.787, 7.287, 7.787, 8.287, 8.787, 9.287, 9.787, 10.287, 10.787, 11.287, 11.787, 12.287, 12.787, 13.287, 13.787, 13.787)
CL: (-0.1144, -0.0672, 0.0001, 0.2119, 0.3337, 0.3742, 0.4166, 0.4518, 0.4979, 0.536, 0.5851, 0.6274, 0.679, 0.7232, 0.7782, 0.8233, 0.8717, 0.9229, 0.9749, 1.0243, 1.0706, 1.116, 1.1621, 1.2048, 1.2442, 1.277, 1.3051, 1.3256, 1.3357, 1.3357, 1.3323, 1.3255, 1.3155, 1.3034, 1.2937, 1.2937)
CD: (0.02307, 0.02077, 0.02127, 0.02163, 0.02082, 0.02054, 0.02027, 0.02032, 0.0201, 0.02028, 0.02013, 0.02035, 0.02025, 0.02055, 0.02043, 0.02079, 0.02105, 0.02122, 0.0214, 0.02171, 0.02215, 0.02265, 0.02313, 0.02375, 0.02446, 0.02537, 0.02642, 0.02769, 0.02921, 0.03132, 0.03416, 0.03783, 0.04236, 0.04777, 0.05355, 0.05355)
CDp: (0.01459, 0.01473, 0.01526, 0.01496, 0.01378, 0.0133, 0.01284, 0.01273, 0.01236, 0.01242, 0.01215, 0.0123, 0.01211, 0.01237, 0.01218, 0.01256, 0.01284, 0.01301, 0.01319, 0.01353, 0.01406, 0.01463, 0.01515, 0.01583, 0.01659, 0.01758, 0.01867, 0.01996, 0.02147, 0.02363, 0.0265, 0.03014, 0.03459, 0.04001, 0.04575, 0.04575)
CM: (-0.0627, -0.0594, -0.0575, -0.0847, -0.0987, -0.0971, -0.0952, -0.0919, -0.0899, -0.0867, -0.0849, -0.0822, -0.0808, -0.0784, -0.0774, -0.0752, -0.0735, -0.0721, -0.0709, -0.0694, -0.0675, -0.0655, -0.0635, -0.0611, -0.0582, -0.0545, -0.0501, -0.0448, -0.0382, -0.031, -0.0248, -0.0195, -0.0153, -0.012, -0.0096, -0.0096)
Top_Xtr: (0.9071, 0.8942, 0.8817, 0.883, 0.8713, 0.8511, 0.8319, 0.8113, 0.7941, 0.774, 0.7568, 0.7369, 0.7192, 0.6985, 0.6803, 0.658, 0.6361, 0.6142, 0.5915, 0.567, 0.5406, 0.5128, 0.4841, 0.4537, 0.4215, 0.3877, 0.3532, 0.3185, 0.285, 0.2524, 0.2198, 0.1883, 0.1587, 0.1318, 0.1096, 0.1096)
Bot_Xtr: (0.2275, 0.7483, 0.903, 0.9803, 1.0, 1.0, 1.0, 1.0, 1.0, 1.0, 1.0, 1.0, 1.0, 1.0, 1.0, 1.0, 1.0, 1.0, 1.0, 1.0, 1.0, 1.0, 1.0, 1.0, 1.0, 1.0, 1.0, 1.0, 1.0, 1.0, 1.0, 1.0, 1.0, 1.0, 1.0, 1.0)
CL/CD: (-4.958820979627221, -3.2354357246027923, 0.004701457451810062, 9.796578825705039, 16.027857829010564, 18.21811100292113, 20.552540700542675, 22.234251968503933, 24.771144278606965, 26.429980276134124, 29.06607054148038, 30.83046683046683, 33.53086419753087, 35.19221411192214, 38.09104258443465, 39.6007696007696, 41.410926365795724, 43.491988689915175, 45.556074766355145, 47.181022570244124, 48.33408577878104, 49.27152317880795, 50.24210981409424, 50.72842105263158, 50.866721177432545, 50.33504138746551, 49.39818319454958, 47.87287829541351, 45.72749058541596, 42.646871008939975, 39.00175644028103, 35.03832936822627, 31.05524079320113, 27.284906845300394, 24.158730158730158, 24.158730158730158)

***** Re = 400000, Mach = 0.0, nCrit = 9 *****
alpha: (-4.237, -3.737, -3.237, -2.737, -2.237, -1.737, -1.237, -0.737, -0.237, 0.263, 0.763, 1.263, 1.763, 2.263, 2.763, 3.263, 3.763, 4.263, 4.763, 5.263, 5.763, 6.263, 6.763, 7.263, 7.763, 8.263, 8.763, 9.263, 9.763, 10.263, 10.763, 11.263, 11.763, 12.263, 12.763, 13.263, 13.763, 14.263, 14.763, 15.263, 15.763, 16.263, 16.763, 16.763)
CL: (-0.1025, -0.0505, -0.0, 0.0485, 0.0971, 0.1479, 0.1998, 0.2506, 0.3021, 0.3609, 0.4356, 0.5175, 0.5991, 0.676, 0.7212, 0.7663, 0.8111, 0.8561, 0.9011, 0.9459, 0.9911, 1.0365, 1.0815, 1.1253, 1.1669, 1.2068, 1.2427, 1.2722, 1.2982, 1.3224, 1.3439, 1.362, 1.3765, 1.3863, 1.3921, 1.3942, 1.3938, 1.3909, 1.3836, 1.3755, 1.3648, 1.3551, 1.3376, 1.3376)
CD: (0.01178, 0.01105, 0.01006, 0.00895, 0.00818, 0.00787, 0.00772, 0.00773, 0.00785, 0.00803, 0.00824, 0.00841, 0.00856, 0.0087, 0.0088, 0.00897, 0.00919, 0.00945, 0.00975, 0.01011, 0.01051, 0.01095, 0.01144, 0.01201, 0.0127, 0.01344, 0.01434, 0.01538, 0.01664, 0.01817, 0.02, 0.0222, 0.02483, 0.02801, 0.03177, 0.03614, 0.04105, 0.04657, 0.05298, 0.05987, 0.06745, 0.07522, 0.08422, 0.08422)
CDp: (0.00476, 0.00408, 0.00352, 0.00314, 0.00299, 0.00297, 0.00293, 0.00298, 0.00307, 0.00314, 0.00321, 0.00326, 0.00329, 0.0033, 0.00333, 0.00342, 0.00357, 0.00377, 0.00402, 0.00432, 0.00467, 0.00508, 0.00555, 0.00609, 0.00671, 0.00741, 0.00824, 0.00919, 0.01036, 0.01178, 0.01352, 0.01562, 0.01817, 0.02129, 0.02502, 0.02944, 0.03444, 0.04011, 0.04667, 0.05373, 0.06152, 0.06947, 0.07862, 0.07862)
CM: (-0.0717, -0.071, -0.0704, -0.0696, -0.0683, -0.0669, -0.0655, -0.0637, -0.062, -0.0621, -0.066, -0.0718, -0.0777, -0.0828, -0.0811, -0.0794, -0.0775, -0.0756, -0.0737, -0.0718, -0.07, -0.0683, -0.0667, -0.0648, -0.0627, -0.0603, -0.0574, -0.0534, -0.0491, -0.045, -0.041, -0.0372, -0.0335, -0.03, -0.0268, -0.0241, -0.0219, -0.0205, -0.0197, -0.0197, -0.0202, -0.0213, -0.0229, -0.0229)
Top_Xtr: (0.8401, 0.8241, 0.8083, 0.793, 0.7767, 0.7604, 0.7445, 0.7285, 0.7116, 0.695, 0.6776, 0.6587, 0.6391, 0.6186, 0.5982, 0.5782, 0.5574, 0.5359, 0.514, 0.4914, 0.4677, 0.4428, 0.4163, 0.3883, 0.3587, 0.3266, 0.2926, 0.2585, 0.2246, 0.1911, 0.1581, 0.1263, 0.0975, 0.073, 0.0542, 0.0418, 0.0342, 0.0292, 0.0259, 0.0235, 0.0217, 0.0202, 0.0191, 0.0191)
Bot_Xtr: (0.0599, 0.0884, 0.201, 0.4214, 0.6139, 0.7355, 0.8075, 0.8743, 0.922, 0.9543, 0.9715, 0.9827, 0.9927, 1.0, 1.0, 1.0, 1.0, 1.0, 1.0, 1.0, 1.0, 1.0, 1.0, 1.0, 1.0, 1.0, 1.0, 1.0, 1.0, 1.0, 1.0, 1.0, 1.0, 1.0, 1.0, 1.0, 1.0, 1.0, 1.0, 1.0, 1.0, 1.0, 1.0, 1.0)
CL/CD: (-8.701188455008488, -4.570135746606335, -0.0, 5.418994413407821, 11.870415647921762, 18.792884371029224, 25.88082901554404, 32.41914618369987, 38.48407643312102, 44.9439601494396, 52.864077669902905, 61.53388822829963, 69.98831775700934, 77.70114942528737, 81.95454545454544, 85.42920847268672, 88.25897714907508, 90.5925925925926, 92.42051282051283, 93.56083086053413, 94.30066603235014, 94.65753424657534, 94.53671328671328, 93.69691923397168, 91.88188976377954, 89.79166666666667, 86.65969316596932, 82.71781534460338, 78.01682692307693, 72.77930654925703, 67.19500000000001, 61.351351351351354, 55.43697140555779, 49.49303820064263, 43.818067359143846, 38.577753182069735, 33.9537149817296, 29.866867081812327, 26.11551528878822, 22.974778687155503, 20.234247590808007, 18.01515554373837, 15.88221325100926, 15.88221325100926)

***** Re = 700000, Mach = 0.0, nCrit = 9 *****
alpha: (-4.202, -3.702, -3.202, -2.202, -1.702, -1.202, -0.702, -0.202, 0.298, 0.798, 1.298, 1.798, 2.298, 2.798, 3.798, 4.298, 4.798, 5.298, 5.798, 6.298, 6.798, 7.298, 7.798, 8.298, 8.798, 9.298, 9.798, 10.298, 10.798, 11.298, 11.798, 12.298, 12.798, 13.298, 13.798, 14.298, 15.298, 15.798, 16.298, 16.798, 17.298, 17.798, 17.798)
CL: (-0.1083, -0.054, 0.0, 0.1042, 0.1562, 0.2094, 0.2639, 0.3163, 0.3686, 0.4209, 0.4774, 0.5446, 0.6192, 0.6956, 0.8219, 0.8664, 0.9108, 0.9557, 1.0009, 1.0468, 1.0931, 1.1382, 1.182, 1.2231, 1.2612, 1.2943, 1.3221, 1.3478, 1.3705, 1.3911, 1.4083, 1.4237, 1.4357, 1.4475, 1.4558, 1.4607, 1.4633, 1.4556, 1.4479, 1.4396, 1.4252, 1.3999, 1.3999)
CD: (0.00983, 0.00938, 0.00884, 0.00731, 0.00676, 0.00647, 0.00637, 0.00629, 0.00632, 0.00642, 0.0066, 0.0068, 0.00704, 0.00729, 0.00771, 0.00796, 0.00825, 0.00858, 0.00895, 0.00938, 0.00986, 0.01044, 0.0111, 0.0119, 0.01281, 0.01383, 0.01501, 0.01644, 0.01814, 0.0201, 0.02243, 0.02506, 0.02814, 0.03146, 0.03529, 0.03967, 0.05006, 0.05677, 0.06385, 0.0713, 0.07987, 0.09031, 0.09031)
CDp: (0.00334, 0.00288, 0.00252, 0.00199, 0.00189, 0.00188, 0.00187, 0.00193, 0.00201, 0.00209, 0.00218, 0.0023, 0.00243, 0.00257, 0.00285, 0.00302, 0.00323, 0.0035, 0.00381, 0.00417, 0.00459, 0.00508, 0.00564, 0.00631, 0.00708, 0.00796, 0.00902, 0.01031, 0.01189, 0.01375, 0.016, 0.01861, 0.0217, 0.02509, 0.02902, 0.03354, 0.04424, 0.05111, 0.05841, 0.06605, 0.07481, 0.08544, 0.08544)
CM: (-0.0685, -0.0683, -0.0682, -0.0678, -0.0673, -0.0667, -0.0663, -0.0653, -0.0642, -0.0631, -0.063, -0.0656, -0.0699, -0.0748, -0.079, -0.0771, -0.0751, -0.0732, -0.0714, -0.0699, -0.0684, -0.0669, -0.0652, -0.0631, -0.0605, -0.0572, -0.053, -0.0489, -0.0449, -0.041, -0.0372, -0.0338, -0.0306, -0.028, -0.0257, -0.0238, -0.0216, -0.0214, -0.0217, -0.0226, -0.0242, -0.0267, -0.0267)
Top_Xtr: (0.7966, 0.7808, 0.7647, 0.7327, 0.7173, 0.7013, 0.6852, 0.669, 0.6522, 0.6346, 0.6168, 0.5972, 0.5767, 0.5554, 0.5114, 0.49, 0.4677, 0.4445, 0.4201, 0.3944, 0.3666, 0.3365, 0.3043, 0.269, 0.2327, 0.1983, 0.1654, 0.1335, 0.1043, 0.0788, 0.0582, 0.0426, 0.0318, 0.0253, 0.0211, 0.0183, 0.0148, 0.0137, 0.0129, 0.0122, 0.0116, 0.0112, 0.0112)
Bot_Xtr: (0.0471, 0.0678, 0.1234, 0.4411, 0.6053, 0.7165, 0.7835, 0.8498, 0.9006, 0.9366, 0.9631, 0.9787, 0.9874, 0.9938, 1.0, 1.0, 1.0, 1.0, 1.0, 1.0, 1.0, 1.0, 1.0, 1.0, 1.0, 1.0, 1.0, 1.0, 1.0, 1.0, 1.0, 1.0, 1.0, 1.0, 1.0, 1.0, 1.0, 1.0, 1.0, 1.0, 1.0, 1.0, 1.0)
CL/CD: (-11.01729399796541, -5.756929637526652, 0.0, 14.254445964432286, 23.106508875739646, 32.364760432766616, 41.42857142857143, 50.28616852146265, 58.32278481012658, 65.5607476635514, 72.33333333333333, 80.08823529411765, 87.95454545454545, 95.41838134430728, 106.6018158236057, 108.84422110552764, 110.4, 111.38694638694638, 111.83240223463686, 111.59914712153518, 110.86206896551722, 109.02298850574714, 106.48648648648647, 102.78151260504201, 98.45433255269322, 93.58640636297903, 88.08127914723518, 81.98296836982969, 75.55126791620728, 69.2089552238806, 62.78644672313866, 56.81165203511572, 51.01990049751244, 46.010807374443736, 41.25247945593652, 36.821275523065296, 29.230922892528966, 25.64030297692443, 22.676585747846513, 20.190743338008414, 17.843996494303244, 15.501051932233418, 15.501051932233418)
